timestamp,bar_number,agent_name,input_tokens,output_tokens,total_tokens,model,notes
2026-01-08T19:17:10.049123,4421,S,1845,1912,3757,Qwen3-Next-80B-A3B-Instruct,Estimated from text
2026-01-08T19:17:13.391842,4421,A,5457,588,6045,Qwen3-Next-80B-A3B-Instruct,Estimated from text
2026-01-08T19:17:16.521854,4421,B,2883,486,3369,Qwen3-Next-80B-A3B-Instruct,Estimated from text
2026-01-08T19:17:26.596039,4422,S,1845,1894,3739,Qwen3-Next-80B-A3B-Instruct,Estimated from text
2026-01-08T19:17:31.234931,4422,A,5442,687,6129,Qwen3-Next-80B-A3B-Instruct,Estimated from text
2026-01-08T19:17:34.659717,4422,B,2983,476,3459,Qwen3-Next-80B-A3B-Instruct,Estimated from text
2026-01-08T19:17:43.597281,4424,S,1845,1698,3543,Qwen3-Next-80B-A3B-Instruct,Estimated from text
2026-01-08T19:17:47.816715,4424,A,5261,654,5915,Qwen3-Next-80B-A3B-Instruct,Estimated from text
2026-01-08T19:17:50.931713,4424,B,2970,465,3435,Qwen3-Next-80B-A3B-Instruct,Estimated from text
2026-01-08T19:18:00.662221,4425,S,1845,1773,3618,Qwen3-Next-80B-A3B-Instruct,Estimated from text
2026-01-08T19:18:04.578585,4425,A,5336,693,6029,Qwen3-Next-80B-A3B-Instruct,Estimated from text
2026-01-08T19:18:07.491051,4425,B,3008,419,3427,Qwen3-Next-80B-A3B-Instruct,Estimated from text
2026-01-08T19:18:19.095764,4426,S,1845,2220,4065,Qwen3-Next-80B-A3B-Instruct,Estimated from text
2026-01-08T19:18:23.615429,4426,A,5793,903,6696,Qwen3-Next-80B-A3B-Instruct,Estimated from text
2026-01-08T19:18:26.730565,4426,B,3219,494,3713,Qwen3-Next-80B-A3B-Instruct,Estimated from text
2026-01-08T19:18:37.267583,4428,S,1845,1954,3799,Qwen3-Next-80B-A3B-Instruct,Estimated from text
2026-01-08T19:18:42.066048,4428,A,5538,876,6414,Qwen3-Next-80B-A3B-Instruct,Estimated from text
2026-01-08T19:18:44.989271,4428,B,3210,451,3661,Qwen3-Next-80B-A3B-Instruct,Estimated from text
2026-01-08T19:18:55.462245,4429,S,1845,1950,3795,Qwen3-Next-80B-A3B-Instruct,Estimated from text
2026-01-08T19:18:59.081064,4429,A,5544,600,6144,Qwen3-Next-80B-A3B-Instruct,Estimated from text
2026-01-08T19:19:02.294924,4429,B,2944,555,3499,Qwen3-Next-80B-A3B-Instruct,Estimated from text
2026-01-08T19:19:12.051234,4430,S,1845,1907,3752,Qwen3-Next-80B-A3B-Instruct,Estimated from text
2026-01-08T19:19:16.773767,4430,A,5499,869,6368,Qwen3-Next-80B-A3B-Instruct,Estimated from text
2026-01-08T19:19:19.689280,4430,B,3213,498,3711,Qwen3-Next-80B-A3B-Instruct,Estimated from text
2026-01-08T19:19:29.501695,4432,S,1845,1733,3578,Qwen3-Next-80B-A3B-Instruct,Estimated from text
2026-01-08T19:19:33.219581,4432,A,5347,780,6127,Qwen3-Next-80B-A3B-Instruct,Estimated from text
2026-01-08T19:19:36.434084,4432,B,3145,567,3712,Qwen3-Next-80B-A3B-Instruct,Estimated from text
2026-01-08T19:19:46.919040,4433,S,1845,2027,3872,Qwen3-Next-80B-A3B-Instruct,Estimated from text
2026-01-08T19:19:50.836433,4433,A,5643,787,6430,Qwen3-Next-80B-A3B-Instruct,Estimated from text
2026-01-08T19:19:53.550297,4433,B,3153,376,3529,Qwen3-Next-80B-A3B-Instruct,Estimated from text
2026-01-08T19:20:03.930061,4434,S,1845,1806,3651,Qwen3-Next-80B-A3B-Instruct,Estimated from text
2026-01-08T19:20:08.103030,4434,A,5433,770,6203,Qwen3-Next-80B-A3B-Instruct,Estimated from text
2026-01-08T19:20:11.248268,4434,B,3145,462,3607,Qwen3-Next-80B-A3B-Instruct,Estimated from text
2026-01-08T19:20:20.375147,4435,S,1845,1676,3521,Qwen3-Next-80B-A3B-Instruct,Estimated from text
2026-01-08T19:20:23.728988,4435,A,5300,516,5816,Qwen3-Next-80B-A3B-Instruct,Estimated from text
2026-01-08T19:20:26.563637,4435,B,2892,419,3311,Qwen3-Next-80B-A3B-Instruct,Estimated from text
2026-01-08T19:20:37.347567,4436,S,1845,1917,3762,Qwen3-Next-80B-A3B-Instruct,Estimated from text
2026-01-08T19:20:41.401243,4436,A,5538,655,6193,Qwen3-Next-80B-A3B-Instruct,Estimated from text
2026-01-08T19:20:44.146771,4436,B,3030,444,3474,Qwen3-Next-80B-A3B-Instruct,Estimated from text
2026-01-08T19:20:53.709821,4437,S,1845,1665,3510,Qwen3-Next-80B-A3B-Instruct,Estimated from text
2026-01-08T19:20:57.570726,4437,A,5289,683,5972,Qwen3-Next-80B-A3B-Instruct,Estimated from text
2026-01-08T19:21:00.574507,4437,B,3058,435,3493,Qwen3-Next-80B-A3B-Instruct,Estimated from text
2026-01-08T19:21:08.673869,4438,S,1845,1539,3384,Qwen3-Next-80B-A3B-Instruct,Estimated from text
2026-01-08T19:21:12.813640,4438,A,5160,755,5915,Qwen3-Next-80B-A3B-Instruct,Estimated from text
2026-01-08T19:21:16.133846,4438,B,3130,587,3717,Qwen3-Next-80B-A3B-Instruct,Estimated from text
2026-01-08T19:21:25.185092,4440,S,1845,1827,3672,Qwen3-Next-80B-A3B-Instruct,Estimated from text
2026-01-08T19:21:29.504653,4440,A,5472,714,6186,Qwen3-Next-80B-A3B-Instruct,Estimated from text
2026-01-08T19:21:32.920745,4440,B,3111,441,3552,Qwen3-Next-80B-A3B-Instruct,Estimated from text
2026-01-08T19:21:42.481491,4441,S,1845,1687,3532,Qwen3-Next-80B-A3B-Instruct,Estimated from text
2026-01-08T19:21:47.202303,4441,A,5343,840,6183,Qwen3-Next-80B-A3B-Instruct,Estimated from text
2026-01-08T19:21:50.418111,4441,B,3247,474,3721,Qwen3-Next-80B-A3B-Instruct,Estimated from text
2026-01-08T19:21:59.780922,4442,S,1845,1853,3698,Qwen3-Next-80B-A3B-Instruct,Estimated from text
2026-01-08T19:22:04.399800,4442,A,5509,937,6446,Qwen3-Next-80B-A3B-Instruct,Estimated from text
2026-01-08T19:22:07.313186,4442,B,3344,520,3864,Qwen3-Next-80B-A3B-Instruct,Estimated from text
2026-01-08T19:22:17.475263,4444,S,1845,1890,3735,Qwen3-Next-80B-A3B-Instruct,Estimated from text
2026-01-08T19:22:21.994132,4444,A,5568,881,6449,Qwen3-Next-80B-A3B-Instruct,Estimated from text
2026-01-08T19:22:24.908369,4444,B,3309,527,3836,Qwen3-Next-80B-A3B-Instruct,Estimated from text
2026-01-08T19:22:34.266202,4445,S,1845,1622,3467,Qwen3-Next-80B-A3B-Instruct,Estimated from text
2026-01-08T19:22:38.586844,4445,A,5298,733,6031,Qwen3-Next-80B-A3B-Instruct,Estimated from text
2026-01-08T19:22:42.003158,4445,B,3162,612,3774,Qwen3-Next-80B-A3B-Instruct,Estimated from text
2026-01-08T19:22:51.286696,4446,S,1845,1497,3342,Qwen3-Next-80B-A3B-Instruct,Estimated from text
2026-01-08T19:22:55.105706,4446,A,5184,561,5745,Qwen3-Next-80B-A3B-Instruct,Estimated from text
2026-01-08T19:22:58.221256,4446,B,2999,432,3431,Qwen3-Next-80B-A3B-Instruct,Estimated from text
2026-01-08T19:23:10.387624,4447,S,1845,2242,4087,Qwen3-Next-80B-A3B-Instruct,Estimated from text
2026-01-08T19:23:15.206885,4447,A,5934,816,6750,Qwen3-Next-80B-A3B-Instruct,Estimated from text
2026-01-08T19:23:18.319910,4447,B,3254,474,3728,Qwen3-Next-80B-A3B-Instruct,Estimated from text
2026-01-08T19:23:26.673441,4448,S,1845,1646,3491,Qwen3-Next-80B-A3B-Instruct,Estimated from text
2026-01-08T19:23:30.992688,4448,A,5330,702,6032,Qwen3-Next-80B-A3B-Instruct,Estimated from text
2026-01-08T19:23:34.207642,4448,B,3141,434,3575,Qwen3-Next-80B-A3B-Instruct,Estimated from text
2026-01-08T19:23:43.753765,4449,S,1845,1743,3588,Qwen3-Next-80B-A3B-Instruct,Estimated from text
2026-01-08T19:23:47.268443,4449,A,5430,594,6024,Qwen3-Next-80B-A3B-Instruct,Estimated from text
2026-01-08T19:23:50.382861,4449,B,3033,438,3471,Qwen3-Next-80B-A3B-Instruct,Estimated from text
2026-01-08T19:23:58.492090,4451,S,1845,1419,3264,Qwen3-Next-80B-A3B-Instruct,Estimated from text
2026-01-08T19:24:02.512409,4451,A,5123,862,5985,Qwen3-Next-80B-A3B-Instruct,Estimated from text
2026-01-08T19:24:05.326898,4451,B,3319,460,3779,Qwen3-Next-80B-A3B-Instruct,Estimated from text
2026-01-08T19:24:14.878488,4452,S,1845,1650,3495,Qwen3-Next-80B-A3B-Instruct,Estimated from text
2026-01-08T19:24:19.400766,4452,A,5357,798,6155,Qwen3-Next-80B-A3B-Instruct,Estimated from text
2026-01-08T19:24:22.217099,4452,B,3255,476,3731,Qwen3-Next-80B-A3B-Instruct,Estimated from text
2026-01-08T19:24:30.887516,4453,S,1845,1533,3378,Qwen3-Next-80B-A3B-Instruct,Estimated from text
2026-01-08T19:24:35.008325,4453,A,5238,659,5897,Qwen3-Next-80B-A3B-Instruct,Estimated from text
2026-01-08T19:24:38.222577,4453,B,3116,505,3621,Qwen3-Next-80B-A3B-Instruct,Estimated from text
2026-01-08T19:24:49.151824,4454,S,1845,2095,3940,Qwen3-Next-80B-A3B-Instruct,Estimated from text
2026-01-08T19:24:52.767703,4454,A,5807,666,6473,Qwen3-Next-80B-A3B-Instruct,Estimated from text
2026-01-08T19:24:55.984702,4454,B,3123,523,3646,Qwen3-Next-80B-A3B-Instruct,Estimated from text
2026-01-08T19:25:05.816860,4455,S,1845,1780,3625,Qwen3-Next-80B-A3B-Instruct,Estimated from text
2026-01-08T19:25:10.637480,4455,A,5495,855,6350,Qwen3-Next-80B-A3B-Instruct,Estimated from text
2026-01-08T19:25:15.662549,4455,B,3321,859,4180,Qwen3-Next-80B-A3B-Instruct,Estimated from text
2026-01-08T19:25:26.377957,4457,S,1845,1932,3777,Qwen3-Next-80B-A3B-Instruct,Estimated from text
2026-01-08T19:25:31.200024,4457,A,5668,818,6486,Qwen3-Next-80B-A3B-Instruct,Estimated from text
2026-01-08T19:25:34.917360,4457,B,3303,528,3831,Qwen3-Next-80B-A3B-Instruct,Estimated from text
2026-01-08T19:25:45.520986,4458,S,1845,1972,3817,Qwen3-Next-80B-A3B-Instruct,Estimated from text
2026-01-08T19:25:50.243803,4458,A,5721,790,6511,Qwen3-Next-80B-A3B-Instruct,Estimated from text
2026-01-08T19:25:53.661310,4458,B,3285,481,3766,Qwen3-Next-80B-A3B-Instruct,Estimated from text
2026-01-08T19:26:07.628768,4459,S,1845,2540,4385,Qwen3-Next-80B-A3B-Instruct,Estimated from text
2026-01-08T19:26:12.549051,4459,A,6293,828,7121,Qwen3-Next-80B-A3B-Instruct,Estimated from text
2026-01-08T19:26:15.966347,4459,B,3323,510,3833,Qwen3-Next-80B-A3B-Instruct,Estimated from text
2026-01-08T19:26:26.343443,4461,S,1845,1897,3742,Qwen3-Next-80B-A3B-Instruct,Estimated from text
2026-01-08T19:26:31.968883,4461,A,5660,945,6605,Qwen3-Next-80B-A3B-Instruct,Estimated from text
2026-01-08T19:26:35.887998,4461,B,3459,647,4106,Qwen3-Next-80B-A3B-Instruct,Estimated from text
2026-01-08T19:26:44.358574,4462,S,1845,1593,3438,Qwen3-Next-80B-A3B-Instruct,Estimated from text
2026-01-08T19:26:47.672975,4462,A,5355,564,5919,Qwen3-Next-80B-A3B-Instruct,Estimated from text
2026-01-08T19:26:50.587586,4462,B,3078,431,3509,Qwen3-Next-80B-A3B-Instruct,Estimated from text
2026-01-08T19:26:59.887728,4463,S,1845,1734,3579,Qwen3-Next-80B-A3B-Instruct,Estimated from text
2026-01-08T19:27:03.604277,4463,A,5505,605,6110,Qwen3-Next-80B-A3B-Instruct,Estimated from text
2026-01-08T19:27:06.316706,4463,B,3129,469,3598,Qwen3-Next-80B-A3B-Instruct,Estimated from text
2026-01-08T19:27:15.720586,4465,S,1845,1735,3580,Qwen3-Next-80B-A3B-Instruct,Estimated from text
2026-01-08T19:27:20.039336,4465,A,5526,689,6215,Qwen3-Next-80B-A3B-Instruct,Estimated from text
2026-01-08T19:27:23.355840,4465,B,3231,507,3738,Qwen3-Next-80B-A3B-Instruct,Estimated from text
2026-01-08T19:27:33.637644,4466,S,1845,1959,3804,Qwen3-Next-80B-A3B-Instruct,Estimated from text
2026-01-08T19:27:41.268296,4466,A,5761,1458,7219,Qwen3-Next-80B-A3B-Instruct,Estimated from text
2026-01-08T19:27:45.086336,4466,B,4017,780,4797,Qwen3-Next-80B-A3B-Instruct,Estimated from text
2026-01-08T19:27:55.789976,4467,S,1845,1872,3717,Qwen3-Next-80B-A3B-Instruct,Estimated from text
2026-01-08T19:28:00.511274,4467,A,5676,708,6384,Qwen3-Next-80B-A3B-Instruct,Estimated from text
2026-01-08T19:28:03.828054,4467,B,3260,562,3822,Qwen3-Next-80B-A3B-Instruct,Estimated from text
2026-01-08T19:28:14.182781,4468,S,1845,2133,3978,Qwen3-Next-80B-A3B-Instruct,Estimated from text
2026-01-08T19:28:18.806132,4468,A,5937,763,6700,Qwen3-Next-80B-A3B-Instruct,Estimated from text
2026-01-08T19:28:21.819593,4468,B,3315,456,3771,Qwen3-Next-80B-A3B-Instruct,Estimated from text
2026-01-08T19:28:33.078336,4469,S,1845,2170,4015,Qwen3-Next-80B-A3B-Instruct,Estimated from text
2026-01-08T19:28:37.097546,4469,A,5973,668,6641,Qwen3-Next-80B-A3B-Instruct,Estimated from text
2026-01-08T19:28:40.713213,4469,B,3220,585,3805,Qwen3-Next-80B-A3B-Instruct,Estimated from text
2026-01-08T19:28:50.017991,4470,S,1845,1814,3659,Qwen3-Next-80B-A3B-Instruct,Estimated from text
2026-01-08T19:28:54.737395,4470,A,5615,745,6360,Qwen3-Next-80B-A3B-Instruct,Estimated from text
2026-01-08T19:28:57.751717,4470,B,3297,440,3737,Qwen3-Next-80B-A3B-Instruct,Estimated from text
2026-01-08T19:29:08.098907,4471,S,1845,2009,3854,Qwen3-Next-80B-A3B-Instruct,Estimated from text
2026-01-08T19:29:12.017798,4471,A,5808,633,6441,Qwen3-Next-80B-A3B-Instruct,Estimated from text
2026-01-08T19:29:15.032636,4471,B,3186,456,3642,Qwen3-Next-80B-A3B-Instruct,Estimated from text
2026-01-08T19:29:23.124719,4472,S,1845,1695,3540,Qwen3-Next-80B-A3B-Instruct,Estimated from text
2026-01-08T19:29:27.845287,4472,A,5493,786,6279,Qwen3-Next-80B-A3B-Instruct,Estimated from text
2026-01-08T19:29:31.361963,4472,B,3338,543,3881,Qwen3-Next-80B-A3B-Instruct,Estimated from text
2026-01-08T19:29:40.346465,4473,S,1845,1822,3667,Qwen3-Next-80B-A3B-Instruct,Estimated from text
2026-01-08T19:29:44.966614,4473,A,5622,694,6316,Qwen3-Next-80B-A3B-Instruct,Estimated from text
2026-01-08T19:29:48.084620,4473,B,3246,530,3776,Qwen3-Next-80B-A3B-Instruct,Estimated from text
2026-01-08T19:30:00.469163,4475,S,1845,2491,4336,Qwen3-Next-80B-A3B-Instruct,Estimated from text
2026-01-08T19:30:04.084690,4475,A,6318,643,6961,Qwen3-Next-80B-A3B-Instruct,Estimated from text
2026-01-08T19:30:06.999718,4475,B,3217,402,3619,Qwen3-Next-80B-A3B-Instruct,Estimated from text
2026-01-08T19:30:15.346114,4476,S,1845,1606,3451,Qwen3-Next-80B-A3B-Instruct,Estimated from text
2026-01-08T19:30:19.665316,4476,A,5437,722,6159,Qwen3-Next-80B-A3B-Instruct,Estimated from text
2026-01-08T19:30:23.280068,4476,B,3306,655,3961,Qwen3-Next-80B-A3B-Instruct,Estimated from text
2026-01-08T19:30:33.715506,4478,S,1845,1935,3780,Qwen3-Next-80B-A3B-Instruct,Estimated from text
2026-01-08T19:30:37.535282,4478,A,5787,719,6506,Qwen3-Next-80B-A3B-Instruct,Estimated from text
2026-01-08T19:30:40.752976,4478,B,3321,518,3839,Qwen3-Next-80B-A3B-Instruct,Estimated from text
2026-01-08T19:30:50.627044,4479,S,1845,1785,3630,Qwen3-Next-80B-A3B-Instruct,Estimated from text
2026-01-08T19:30:55.852289,4479,A,5645,906,6551,Qwen3-Next-80B-A3B-Instruct,Estimated from text
2026-01-08T19:30:59.373495,4479,B,3519,588,4107,Qwen3-Next-80B-A3B-Instruct,Estimated from text
2026-01-08T19:31:07.748428,4480,S,1845,1752,3597,Qwen3-Next-80B-A3B-Instruct,Estimated from text
2026-01-08T19:31:12.469062,4480,A,5610,786,6396,Qwen3-Next-80B-A3B-Instruct,Estimated from text
2026-01-08T19:31:14.882286,4480,B,3399,359,3758,Qwen3-Next-80B-A3B-Instruct,Estimated from text
2026-01-08T19:31:22.930841,4481,S,1845,1567,3412,Qwen3-Next-80B-A3B-Instruct,Estimated from text
2026-01-08T19:31:27.249385,4481,A,5424,777,6201,Qwen3-Next-80B-A3B-Instruct,Estimated from text
2026-01-08T19:31:30.465779,4481,B,3390,569,3959,Qwen3-Next-80B-A3B-Instruct,Estimated from text
2026-01-08T19:31:40.627228,4482,S,1845,2027,3872,Qwen3-Next-80B-A3B-Instruct,Estimated from text
2026-01-08T19:31:44.844926,4482,A,5889,715,6604,Qwen3-Next-80B-A3B-Instruct,Estimated from text
2026-01-08T19:31:47.658079,4482,B,3327,490,3817,Qwen3-Next-80B-A3B-Instruct,Estimated from text
2026-01-08T19:31:57.621091,4483,S,1845,2042,3887,Qwen3-Next-80B-A3B-Instruct,Estimated from text
2026-01-08T19:32:02.140845,4483,A,5906,834,6740,Qwen3-Next-80B-A3B-Instruct,Estimated from text
2026-01-08T19:32:05.156700,4483,B,3447,557,4004,Qwen3-Next-80B-A3B-Instruct,Estimated from text
2026-01-08T19:32:14.242683,4484,S,1845,1777,3622,Qwen3-Next-80B-A3B-Instruct,Estimated from text
2026-01-08T19:32:19.365956,4484,A,5637,983,6620,Qwen3-Next-80B-A3B-Instruct,Estimated from text
2026-01-08T19:32:22.280501,4484,B,3595,499,4094,Qwen3-Next-80B-A3B-Instruct,Estimated from text
2026-01-08T19:32:31.330255,4485,S,1845,1667,3512,Qwen3-Next-80B-A3B-Instruct,Estimated from text
2026-01-08T19:32:35.249940,4485,A,5527,712,6239,Qwen3-Next-80B-A3B-Instruct,Estimated from text
2026-01-08T19:32:38.766038,4485,B,3324,525,3849,Qwen3-Next-80B-A3B-Instruct,Estimated from text
2026-01-08T19:32:50.990864,4486,S,1845,2071,3916,Qwen3-Next-80B-A3B-Instruct,Estimated from text
2026-01-08T19:32:55.010359,4486,A,5941,769,6710,Qwen3-Next-80B-A3B-Instruct,Estimated from text
2026-01-08T19:32:58.225856,4486,B,3381,458,3839,Qwen3-Next-80B-A3B-Instruct,Estimated from text
2026-01-08T19:33:07.349825,4488,S,1845,1638,3483,Qwen3-Next-80B-A3B-Instruct,Estimated from text
2026-01-08T19:33:12.170643,4488,A,5504,847,6351,Qwen3-Next-80B-A3B-Instruct,Estimated from text
2026-01-08T19:33:15.588739,4488,B,3465,492,3957,Qwen3-Next-80B-A3B-Instruct,Estimated from text
2026-01-08T19:33:26.843786,4489,S,1845,2124,3969,Qwen3-Next-80B-A3B-Instruct,Estimated from text
2026-01-08T19:33:31.566245,4489,A,5997,759,6756,Qwen3-Next-80B-A3B-Instruct,Estimated from text
2026-01-08T19:33:34.681957,4489,B,3377,474,3851,Qwen3-Next-80B-A3B-Instruct,Estimated from text
2026-01-08T19:33:44.613579,4491,S,1845,1928,3773,Qwen3-Next-80B-A3B-Instruct,Estimated from text
2026-01-08T19:33:48.634226,4491,A,5801,675,6476,Qwen3-Next-80B-A3B-Instruct,Estimated from text
2026-01-08T19:33:51.547955,4491,B,3298,432,3730,Qwen3-Next-80B-A3B-Instruct,Estimated from text
2026-01-08T19:34:01.742641,4492,S,1845,1952,3797,Qwen3-Next-80B-A3B-Instruct,Estimated from text
2026-01-08T19:34:05.560915,4492,A,5820,630,6450,Qwen3-Next-80B-A3B-Instruct,Estimated from text
2026-01-08T19:34:08.373845,4492,B,3249,441,3690,Qwen3-Next-80B-A3B-Instruct,Estimated from text
2026-01-08T19:34:16.129843,4493,S,1845,1390,3235,Qwen3-Next-80B-A3B-Instruct,Estimated from text
2026-01-08T19:34:20.448162,4493,A,5253,722,5975,Qwen3-Next-80B-A3B-Instruct,Estimated from text
2026-01-08T19:34:23.562593,4493,B,3340,532,3872,Qwen3-Next-80B-A3B-Instruct,Estimated from text
2026-01-08T19:34:31.336679,4494,S,1845,1544,3389,Qwen3-Next-80B-A3B-Instruct,Estimated from text
2026-01-08T19:34:35.856765,4494,A,5407,737,6144,Qwen3-Next-80B-A3B-Instruct,Estimated from text
2026-01-08T19:34:38.871829,4494,B,3355,450,3805,Qwen3-Next-80B-A3B-Instruct,Estimated from text
2026-01-08T19:34:49.028504,4495,S,1845,1952,3797,Qwen3-Next-80B-A3B-Instruct,Estimated from text
2026-01-08T19:34:54.451451,4495,A,5821,1023,6844,Qwen3-Next-80B-A3B-Instruct,Estimated from text
2026-01-08T19:34:57.766508,4495,B,3642,474,4116,Qwen3-Next-80B-A3B-Instruct,Estimated from text
2026-01-08T19:35:07.435792,4496,S,1845,1792,3637,Qwen3-Next-80B-A3B-Instruct,Estimated from text
2026-01-08T19:35:11.354420,4496,A,5657,720,6377,Qwen3-Next-80B-A3B-Instruct,Estimated from text
2026-01-08T19:35:14.270030,4496,B,3339,450,3789,Qwen3-Next-80B-A3B-Instruct,Estimated from text
2026-01-08T19:35:22.819660,4497,S,1845,1558,3403,Qwen3-Next-80B-A3B-Instruct,Estimated from text
2026-01-08T19:35:27.440442,4497,A,5423,800,6223,Qwen3-Next-80B-A3B-Instruct,Estimated from text
2026-01-08T19:35:30.655951,4497,B,3418,516,3934,Qwen3-Next-80B-A3B-Instruct,Estimated from text
2026-01-08T19:35:38.507959,4498,S,1845,1572,3417,Qwen3-Next-80B-A3B-Instruct,Estimated from text
2026-01-08T19:35:42.628087,4498,A,5434,696,6130,Qwen3-Next-80B-A3B-Instruct,Estimated from text
2026-01-08T19:35:46.043607,4498,B,3315,501,3816,Qwen3-Next-80B-A3B-Instruct,Estimated from text
2026-01-08T19:35:55.095465,4500,S,1845,1651,3496,Qwen3-Next-80B-A3B-Instruct,Estimated from text
2026-01-08T19:35:59.417308,4500,A,5526,748,6274,Qwen3-Next-80B-A3B-Instruct,Estimated from text
2026-01-08T19:36:02.531530,4500,B,3375,475,3850,Qwen3-Next-80B-A3B-Instruct,Estimated from text
2026-01-08T19:36:11.501332,4501,S,1845,1590,3435,Qwen3-Next-80B-A3B-Instruct,Estimated from text
2026-01-08T19:36:16.824345,4501,A,5458,1039,6497,Qwen3-Next-80B-A3B-Instruct,Estimated from text
2026-01-08T19:36:19.837520,4501,B,3663,521,4184,Qwen3-Next-80B-A3B-Instruct,Estimated from text
2026-01-08T19:36:29.734881,4502,S,1845,2011,3856,Qwen3-Next-80B-A3B-Instruct,Estimated from text
2026-01-08T19:36:33.752837,4502,A,5884,684,6568,Qwen3-Next-80B-A3B-Instruct,Estimated from text
2026-01-08T19:36:36.765882,4502,B,3308,462,3770,Qwen3-Next-80B-A3B-Instruct,Estimated from text
2026-01-08T19:36:45.839387,4503,S,1845,1617,3462,Qwen3-Next-80B-A3B-Instruct,Estimated from text
2026-01-08T19:36:49.958706,4503,A,5490,700,6190,Qwen3-Next-80B-A3B-Instruct,Estimated from text
2026-01-08T19:36:53.174555,4503,B,3324,615,3939,Qwen3-Next-80B-A3B-Instruct,Estimated from text
2026-01-08T19:37:02.902932,4505,S,1845,1728,3573,Qwen3-Next-80B-A3B-Instruct,Estimated from text
2026-01-08T19:37:06.618454,4505,A,5604,655,6259,Qwen3-Next-80B-A3B-Instruct,Estimated from text
2026-01-08T19:37:09.632138,4505,B,3282,471,3753,Qwen3-Next-80B-A3B-Instruct,Estimated from text
2026-01-08T19:37:18.417658,4506,S,1845,1695,3540,Qwen3-Next-80B-A3B-Instruct,Estimated from text
2026-01-08T19:37:23.337910,4506,A,5568,815,6383,Qwen3-Next-80B-A3B-Instruct,Estimated from text
2026-01-08T19:37:26.152063,4506,B,3441,382,3823,Qwen3-Next-80B-A3B-Instruct,Estimated from text
2026-01-08T19:37:36.275016,4508,S,1845,1856,3701,Qwen3-Next-80B-A3B-Instruct,Estimated from text
2026-01-08T19:37:41.098570,4508,A,5730,998,6728,Qwen3-Next-80B-A3B-Instruct,Estimated from text
2026-01-08T19:37:44.013973,4508,B,3622,530,4152,Qwen3-Next-80B-A3B-Instruct,Estimated from text
2026-01-08T19:37:54.079523,4510,S,1845,1889,3734,Qwen3-Next-80B-A3B-Instruct,Estimated from text
2026-01-08T19:37:58.602130,4510,A,5769,852,6621,Qwen3-Next-80B-A3B-Instruct,Estimated from text
2026-01-08T19:38:01.516738,4510,B,3481,513,3994,Qwen3-Next-80B-A3B-Instruct,Estimated from text
2026-01-08T19:38:11.081800,4511,S,1845,1861,3706,Qwen3-Next-80B-A3B-Instruct,Estimated from text
2026-01-08T19:38:15.001047,4511,A,5739,694,6433,Qwen3-Next-80B-A3B-Instruct,Estimated from text
2026-01-08T19:38:17.816399,4511,B,3324,471,3795,Qwen3-Next-80B-A3B-Instruct,Estimated from text
2026-01-08T19:38:29.656195,4512,S,1845,2244,4089,Qwen3-Next-80B-A3B-Instruct,Estimated from text
2026-01-08T19:38:33.976573,4512,A,6124,811,6935,Qwen3-Next-80B-A3B-Instruct,Estimated from text
2026-01-08T19:38:37.294970,4512,B,3441,535,3976,Qwen3-Next-80B-A3B-Instruct,Estimated from text
2026-01-08T19:38:47.567586,4513,S,1845,1883,3728,Qwen3-Next-80B-A3B-Instruct,Estimated from text
2026-01-08T19:38:51.285287,4513,A,5757,599,6356,Qwen3-Next-80B-A3B-Instruct,Estimated from text
2026-01-08T19:38:54.098786,4513,B,3223,464,3687,Qwen3-Next-80B-A3B-Instruct,Estimated from text
2026-01-08T19:39:04.349520,4514,S,1845,1954,3799,Qwen3-Next-80B-A3B-Instruct,Estimated from text
2026-01-08T19:39:12.380448,4514,A,5830,1839,7669,Qwen3-Next-80B-A3B-Instruct,Estimated from text
2026-01-08T19:39:15.595505,4514,B,4463,613,5076,Qwen3-Next-80B-A3B-Instruct,Estimated from text
2026-01-08T19:39:25.951991,4516,S,1845,1960,3805,Qwen3-Next-80B-A3B-Instruct,Estimated from text
2026-01-08T19:39:29.768839,4516,A,5834,748,6582,Qwen3-Next-80B-A3B-Instruct,Estimated from text
2026-01-08T19:39:33.085018,4516,B,3372,556,3928,Qwen3-Next-80B-A3B-Instruct,Estimated from text
2026-01-08T19:39:44.899375,4517,S,1845,2145,3990,Qwen3-Next-80B-A3B-Instruct,Estimated from text
2026-01-08T19:39:48.617787,4517,A,6021,697,6718,Qwen3-Next-80B-A3B-Instruct,Estimated from text
2026-01-08T19:39:52.039264,4517,B,3321,617,3938,Qwen3-Next-80B-A3B-Instruct,Estimated from text
2026-01-08T19:40:02.903927,4518,S,1845,2097,3942,Qwen3-Next-80B-A3B-Instruct,Estimated from text
2026-01-08T19:40:07.122963,4518,A,5976,810,6786,Qwen3-Next-80B-A3B-Instruct,Estimated from text
2026-01-08T19:40:10.639705,4518,B,3434,612,4046,Qwen3-Next-80B-A3B-Instruct,Estimated from text
2026-01-08T19:40:19.189738,4519,S,1845,1633,3478,Qwen3-Next-80B-A3B-Instruct,Estimated from text
2026-01-08T19:40:23.909174,4519,A,5504,823,6327,Qwen3-Next-80B-A3B-Instruct,Estimated from text
2026-01-08T19:40:26.923903,4519,B,3446,501,3947,Qwen3-Next-80B-A3B-Instruct,Estimated from text
2026-01-08T19:40:36.069486,4520,S,1845,1887,3732,Qwen3-Next-80B-A3B-Instruct,Estimated from text
2026-01-08T19:40:40.490970,4520,A,5758,711,6469,Qwen3-Next-80B-A3B-Instruct,Estimated from text
2026-01-08T19:40:43.303905,4520,B,3334,414,3748,Qwen3-Next-80B-A3B-Instruct,Estimated from text
2026-01-08T19:40:52.351941,4521,S,1845,1748,3593,Qwen3-Next-80B-A3B-Instruct,Estimated from text
2026-01-08T19:40:56.570313,4521,A,5619,681,6300,Qwen3-Next-80B-A3B-Instruct,Estimated from text
2026-01-08T19:40:59.686712,4521,B,3303,471,3774,Qwen3-Next-80B-A3B-Instruct,Estimated from text
2026-01-08T19:41:09.737702,4522,S,1845,1920,3765,Qwen3-Next-80B-A3B-Instruct,Estimated from text
2026-01-08T19:41:13.755055,4522,A,5792,690,6482,Qwen3-Next-80B-A3B-Instruct,Estimated from text
2026-01-08T19:41:17.071912,4522,B,3313,526,3839,Qwen3-Next-80B-A3B-Instruct,Estimated from text
2026-01-08T19:41:27.019378,4523,S,1845,1866,3711,Qwen3-Next-80B-A3B-Instruct,Estimated from text
2026-01-08T19:41:31.640141,4523,A,5741,753,6494,Qwen3-Next-80B-A3B-Instruct,Estimated from text
2026-01-08T19:41:34.855744,4523,B,3375,564,3939,Qwen3-Next-80B-A3B-Instruct,Estimated from text
2026-01-08T19:41:43.975491,4525,S,1845,1736,3581,Qwen3-Next-80B-A3B-Instruct,Estimated from text
2026-01-08T19:41:47.892357,4525,A,5604,791,6395,Qwen3-Next-80B-A3B-Instruct,Estimated from text
2026-01-08T19:41:51.006779,4525,B,3411,604,4015,Qwen3-Next-80B-A3B-Instruct,Estimated from text
2026-01-08T19:42:01.859076,4526,S,1845,2106,3951,Qwen3-Next-80B-A3B-Instruct,Estimated from text
2026-01-08T19:42:05.675957,4526,A,5980,698,6678,Qwen3-Next-80B-A3B-Instruct,Estimated from text
2026-01-08T19:42:49.370558,4527,S,1845,1914,3759,Qwen3-Next-80B-A3B-Instruct,Estimated from text
2026-01-08T19:42:53.086458,4527,A,5787,623,6410,Qwen3-Next-80B-A3B-Instruct,Estimated from text
2026-01-08T19:42:55.800183,4527,B,3243,452,3695,Qwen3-Next-80B-A3B-Instruct,Estimated from text
2026-01-08T19:43:05.071035,4528,S,1845,1692,3537,Qwen3-Next-80B-A3B-Instruct,Estimated from text
2026-01-08T19:43:09.793892,4528,A,5556,779,6335,Qwen3-Next-80B-A3B-Instruct,Estimated from text
2026-01-08T19:43:13.208659,4528,B,3396,603,3999,Qwen3-Next-80B-A3B-Instruct,Estimated from text
2026-01-08T19:43:25.869390,4529,S,1845,2466,4311,Qwen3-Next-80B-A3B-Instruct,Estimated from text
2026-01-08T19:43:30.691323,4529,A,6340,796,7136,Qwen3-Next-80B-A3B-Instruct,Estimated from text
2026-01-08T19:43:34.510880,4529,B,3413,609,4022,Qwen3-Next-80B-A3B-Instruct,Estimated from text
2026-01-08T19:43:43.722793,4531,S,1845,1791,3636,Qwen3-Next-80B-A3B-Instruct,Estimated from text
2026-01-08T19:43:48.343549,4531,A,5657,777,6434,Qwen3-Next-80B-A3B-Instruct,Estimated from text
2026-01-08T19:43:51.762419,4531,B,3398,557,3955,Qwen3-Next-80B-A3B-Instruct,Estimated from text
2026-01-08T19:44:02.260022,4534,S,1845,1872,3717,Qwen3-Next-80B-A3B-Instruct,Estimated from text
2026-01-08T19:44:05.978472,4534,A,5745,729,6474,Qwen3-Next-80B-A3B-Instruct,Estimated from text
2026-01-08T19:44:08.692530,4534,B,3352,468,3820,Qwen3-Next-80B-A3B-Instruct,Estimated from text
2026-01-08T19:44:18.344822,4535,S,1845,1815,3660,Qwen3-Next-80B-A3B-Instruct,Estimated from text
2026-01-08T19:44:22.664870,4535,A,5687,785,6472,Qwen3-Next-80B-A3B-Instruct,Estimated from text
2026-01-08T19:44:25.779842,4535,B,3408,559,3967,Qwen3-Next-80B-A3B-Instruct,Estimated from text
2026-01-08T19:44:34.707865,4536,S,1845,1616,3461,Qwen3-Next-80B-A3B-Instruct,Estimated from text
2026-01-08T19:44:38.728333,4536,A,5480,720,6200,Qwen3-Next-80B-A3B-Instruct,Estimated from text
2026-01-08T19:44:41.542560,4536,B,3339,497,3836,Qwen3-Next-80B-A3B-Instruct,Estimated from text
2026-01-08T19:44:52.714143,4538,S,1845,2313,4158,Qwen3-Next-80B-A3B-Instruct,Estimated from text
2026-01-08T19:44:57.134902,4538,A,6186,784,6970,Qwen3-Next-80B-A3B-Instruct,Estimated from text
2026-01-08T19:45:00.050938,4538,B,3402,450,3852,Qwen3-Next-80B-A3B-Instruct,Estimated from text
2026-01-08T19:45:07.096908,4539,S,1845,1328,3173,Qwen3-Next-80B-A3B-Instruct,Estimated from text
2026-01-08T19:45:11.817166,4539,A,5187,843,6030,Qwen3-Next-80B-A3B-Instruct,Estimated from text
2026-01-08T19:45:14.631977,4539,B,3460,432,3892,Qwen3-Next-80B-A3B-Instruct,Estimated from text
2026-01-08T19:45:25.314316,4540,S,1845,2049,3894,Qwen3-Next-80B-A3B-Instruct,Estimated from text
2026-01-08T19:45:29.937602,4540,A,5916,837,6753,Qwen3-Next-80B-A3B-Instruct,Estimated from text
2026-01-08T19:45:32.854078,4540,B,3454,484,3938,Qwen3-Next-80B-A3B-Instruct,Estimated from text
2026-01-08T19:45:43.125665,4541,S,1845,2026,3871,Qwen3-Next-80B-A3B-Instruct,Estimated from text
2026-01-08T19:45:48.247478,4541,A,5890,935,6825,Qwen3-Next-80B-A3B-Instruct,Estimated from text
2026-01-08T19:45:51.361456,4541,B,3552,447,3999,Qwen3-Next-80B-A3B-Instruct,Estimated from text
2026-01-08T19:46:02.425165,4543,S,1845,2211,4056,Qwen3-Next-80B-A3B-Instruct,Estimated from text
2026-01-08T19:46:06.341729,4543,A,6079,705,6784,Qwen3-Next-80B-A3B-Instruct,Estimated from text
2026-01-08T19:46:09.256997,4543,B,3327,454,3781,Qwen3-Next-80B-A3B-Instruct,Estimated from text
2026-01-08T19:46:19.541297,4544,S,1845,2121,3966,Qwen3-Next-80B-A3B-Instruct,Estimated from text
2026-01-08T19:46:23.257200,4544,A,5988,612,6600,Qwen3-Next-80B-A3B-Instruct,Estimated from text
2026-01-08T19:46:26.070878,4544,B,3228,456,3684,Qwen3-Next-80B-A3B-Instruct,Estimated from text
2026-01-08T19:46:37.427507,4545,S,1845,2145,3990,Qwen3-Next-80B-A3B-Instruct,Estimated from text
2026-01-08T19:46:42.151185,4545,A,6007,768,6775,Qwen3-Next-80B-A3B-Instruct,Estimated from text
2026-01-08T19:46:45.769395,4545,B,3384,574,3958,Qwen3-Next-80B-A3B-Instruct,Estimated from text
2026-01-08T19:46:54.726404,4547,S,1845,1733,3578,Qwen3-Next-80B-A3B-Instruct,Estimated from text
2026-01-08T19:46:58.944959,4547,A,5601,702,6303,Qwen3-Next-80B-A3B-Instruct,Estimated from text
2026-01-08T19:47:01.657522,4547,B,3323,438,3761,Qwen3-Next-80B-A3B-Instruct,Estimated from text
2026-01-08T19:47:14.041435,4548,S,1845,2417,4262,Qwen3-Next-80B-A3B-Instruct,Estimated from text
2026-01-08T19:47:18.862565,4548,A,6288,831,7119,Qwen3-Next-80B-A3B-Instruct,Estimated from text
2026-01-08T19:47:22.379251,4548,B,3448,595,4043,Qwen3-Next-80B-A3B-Instruct,Estimated from text
2026-01-08T19:47:35.747297,4549,S,1845,2669,4514,Qwen3-Next-80B-A3B-Instruct,Estimated from text
2026-01-08T19:47:40.468636,4549,A,6541,756,7297,Qwen3-Next-80B-A3B-Instruct,Estimated from text
2026-01-08T19:47:43.384267,4549,B,3372,428,3800,Qwen3-Next-80B-A3B-Instruct,Estimated from text
2026-01-08T19:47:54.744195,4550,S,1845,2199,4044,Qwen3-Next-80B-A3B-Instruct,Estimated from text
2026-01-08T19:47:59.765988,4550,A,6069,912,6981,Qwen3-Next-80B-A3B-Instruct,Estimated from text
2026-01-08T19:48:02.881488,4550,B,3529,624,4153,Qwen3-Next-80B-A3B-Instruct,Estimated from text
2026-01-08T19:48:12.961362,4552,S,1845,1929,3774,Qwen3-Next-80B-A3B-Instruct,Estimated from text
2026-01-08T19:48:16.377545,4552,A,5793,651,6444,Qwen3-Next-80B-A3B-Instruct,Estimated from text
2026-01-08T19:48:19.494043,4552,B,3270,489,3759,Qwen3-Next-80B-A3B-Instruct,Estimated from text
2026-01-08T19:48:29.794326,4553,S,1845,2066,3911,Qwen3-Next-80B-A3B-Instruct,Estimated from text
2026-01-08T19:48:34.415525,4553,A,5935,826,6761,Qwen3-Next-80B-A3B-Instruct,Estimated from text
2026-01-08T19:48:38.034395,4553,B,3443,687,4130,Qwen3-Next-80B-A3B-Instruct,Estimated from text
2026-01-08T19:48:47.000582,4555,S,1845,1731,3576,Qwen3-Next-80B-A3B-Instruct,Estimated from text
2026-01-08T19:48:50.917589,4555,A,5598,596,6194,Qwen3-Next-80B-A3B-Instruct,Estimated from text
2026-01-08T19:48:54.235351,4555,B,3215,455,3670,Qwen3-Next-80B-A3B-Instruct,Estimated from text
2026-01-08T19:49:03.697510,4556,S,1845,1864,3709,Qwen3-Next-80B-A3B-Instruct,Estimated from text
2026-01-08T19:49:07.416115,4556,A,5731,604,6335,Qwen3-Next-80B-A3B-Instruct,Estimated from text
2026-01-08T19:49:10.331477,4556,B,3223,426,3649,Qwen3-Next-80B-A3B-Instruct,Estimated from text
2026-01-08T19:49:20.457784,4558,S,1845,1693,3538,Qwen3-Next-80B-A3B-Instruct,Estimated from text
2026-01-08T19:49:25.880726,4558,A,5559,1134,6693,Qwen3-Next-80B-A3B-Instruct,Estimated from text
2026-01-08T19:49:29.297773,4558,B,3751,722,4473,Qwen3-Next-80B-A3B-Instruct,Estimated from text
2026-01-08T19:49:39.331866,4560,S,1845,1854,3699,Qwen3-Next-80B-A3B-Instruct,Estimated from text
2026-01-08T19:49:43.853067,4560,A,5720,881,6601,Qwen3-Next-80B-A3B-Instruct,Estimated from text
2026-01-08T19:49:47.070707,4560,B,3500,543,4043,Qwen3-Next-80B-A3B-Instruct,Estimated from text
2026-01-08T19:49:56.419915,4561,S,1845,1748,3593,Qwen3-Next-80B-A3B-Instruct,Estimated from text
2026-01-08T19:50:01.141289,4561,A,5615,804,6419,Qwen3-Next-80B-A3B-Instruct,Estimated from text
2026-01-08T19:50:04.156539,4561,B,3421,397,3818,Qwen3-Next-80B-A3B-Instruct,Estimated from text
2026-01-08T19:50:15.121122,4562,S,1845,2115,3960,Qwen3-Next-80B-A3B-Instruct,Estimated from text
2026-01-08T19:50:20.146063,4562,A,5984,870,6854,Qwen3-Next-80B-A3B-Instruct,Estimated from text
2026-01-08T19:50:23.461633,4562,B,3486,495,3981,Qwen3-Next-80B-A3B-Instruct,Estimated from text
2026-01-08T19:50:31.213480,4563,S,1845,1536,3381,Qwen3-Next-80B-A3B-Instruct,Estimated from text
2026-01-08T19:50:35.533487,4563,A,5398,602,6000,Qwen3-Next-80B-A3B-Instruct,Estimated from text
2026-01-08T19:50:38.648683,4563,B,3219,484,3703,Qwen3-Next-80B-A3B-Instruct,Estimated from text
2026-01-08T19:50:49.328628,4564,S,1845,2177,4022,Qwen3-Next-80B-A3B-Instruct,Estimated from text
2026-01-08T19:50:54.849887,4564,A,6046,1014,7060,Qwen3-Next-80B-A3B-Instruct,Estimated from text
2026-01-08T19:50:58.064937,4564,B,3630,514,4144,Qwen3-Next-80B-A3B-Instruct,Estimated from text
2026-01-08T19:51:07.417769,4565,S,1845,1783,3628,Qwen3-Next-80B-A3B-Instruct,Estimated from text
2026-01-08T19:51:12.236195,4565,A,5647,852,6499,Qwen3-Next-80B-A3B-Instruct,Estimated from text
2026-01-08T19:51:15.051528,4565,B,3468,433,3901,Qwen3-Next-80B-A3B-Instruct,Estimated from text
2026-01-08T19:51:22.940526,4566,S,1845,1350,3195,Qwen3-Next-80B-A3B-Instruct,Estimated from text
2026-01-08T19:51:27.461822,4566,A,5208,639,5847,Qwen3-Next-80B-A3B-Instruct,Estimated from text
2026-01-08T19:51:30.076134,4566,B,3255,439,3694,Qwen3-Next-80B-A3B-Instruct,Estimated from text
2026-01-08T19:51:38.721928,4567,S,1845,1563,3408,Qwen3-Next-80B-A3B-Instruct,Estimated from text
2026-01-08T19:51:43.141082,4567,A,5427,735,6162,Qwen3-Next-80B-A3B-Instruct,Estimated from text
2026-01-08T19:51:46.761973,4567,B,3352,559,3911,Qwen3-Next-80B-A3B-Instruct,Estimated from text
2026-01-08T19:51:54.660558,4568,S,1845,1398,3243,Qwen3-Next-80B-A3B-Instruct,Estimated from text
2026-01-08T19:51:58.479961,4568,A,5259,596,5855,Qwen3-Next-80B-A3B-Instruct,Estimated from text
2026-01-08T19:52:01.194339,4568,B,3213,431,3644,Qwen3-Next-80B-A3B-Instruct,Estimated from text
2026-01-08T19:52:09.542549,4569,S,1845,1555,3400,Qwen3-Next-80B-A3B-Instruct,Estimated from text
2026-01-08T19:52:13.862112,4569,A,5418,643,6061,Qwen3-Next-80B-A3B-Instruct,Estimated from text
2026-01-08T19:52:16.675709,4569,B,3260,437,3697,Qwen3-Next-80B-A3B-Instruct,Estimated from text
2026-01-08T19:52:25.043415,4570,S,1845,1563,3408,Qwen3-Next-80B-A3B-Instruct,Estimated from text
2026-01-08T19:52:29.263352,4570,A,5424,736,6160,Qwen3-Next-80B-A3B-Instruct,Estimated from text
2026-01-08T19:52:32.078099,4570,B,3353,495,3848,Qwen3-Next-80B-A3B-Instruct,Estimated from text
2026-01-08T19:52:40.932662,4571,S,1845,1774,3619,Qwen3-Next-80B-A3B-Instruct,Estimated from text
2026-01-08T19:52:45.954896,4571,A,5637,829,6466,Qwen3-Next-80B-A3B-Instruct,Estimated from text
2026-01-08T19:52:48.567327,4571,B,3446,384,3830,Qwen3-Next-80B-A3B-Instruct,Estimated from text
2026-01-08T19:52:57.773024,4572,S,1845,1801,3646,Qwen3-Next-80B-A3B-Instruct,Estimated from text
2026-01-08T19:53:01.791372,4572,A,5667,714,6381,Qwen3-Next-80B-A3B-Instruct,Estimated from text
2026-01-08T19:53:05.006270,4572,B,3330,466,3796,Qwen3-Next-80B-A3B-Instruct,Estimated from text
2026-01-08T19:53:16.057901,4573,S,1845,1900,3745,Qwen3-Next-80B-A3B-Instruct,Estimated from text
2026-01-08T19:53:21.583448,4573,A,5768,1081,6849,Qwen3-Next-80B-A3B-Instruct,Estimated from text
2026-01-08T19:53:24.697328,4573,B,3698,531,4229,Qwen3-Next-80B-A3B-Instruct,Estimated from text
2026-01-08T19:53:34.542343,4574,S,1845,1926,3771,Qwen3-Next-80B-A3B-Instruct,Estimated from text
2026-01-08T19:53:38.859558,4574,A,5788,733,6521,Qwen3-Next-80B-A3B-Instruct,Estimated from text
2026-01-08T19:53:42.275741,4574,B,3350,550,3900,Qwen3-Next-80B-A3B-Instruct,Estimated from text
2026-01-08T19:53:51.175068,4576,S,1845,1765,3610,Qwen3-Next-80B-A3B-Instruct,Estimated from text
2026-01-08T19:53:55.839735,4576,A,5632,873,6505,Qwen3-Next-80B-A3B-Instruct,Estimated from text
2026-01-08T19:53:58.568576,4576,B,3493,441,3934,Qwen3-Next-80B-A3B-Instruct,Estimated from text
2026-01-08T19:54:08.720002,4577,S,1845,2023,3868,Qwen3-Next-80B-A3B-Instruct,Estimated from text
2026-01-08T19:54:13.352728,4577,A,5892,909,6801,Qwen3-Next-80B-A3B-Instruct,Estimated from text
2026-01-08T19:54:16.065628,4577,B,3529,410,3939,Qwen3-Next-80B-A3B-Instruct,Estimated from text
2026-01-08T19:54:25.829937,4578,S,1845,1510,3355,Qwen3-Next-80B-A3B-Instruct,Estimated from text
2026-01-08T19:54:31.479387,4578,A,5370,948,6318,Qwen3-Next-80B-A3B-Instruct,Estimated from text
2026-01-08T19:54:34.037885,4578,B,3564,402,3966,Qwen3-Next-80B-A3B-Instruct,Estimated from text
2026-01-08T19:54:44.327292,4579,S,1845,1836,3681,Qwen3-Next-80B-A3B-Instruct,Estimated from text
2026-01-08T19:54:47.844542,4579,A,5700,523,6223,Qwen3-Next-80B-A3B-Instruct,Estimated from text
2026-01-08T19:54:51.461088,4579,B,3140,557,3697,Qwen3-Next-80B-A3B-Instruct,Estimated from text
2026-01-08T19:55:02.777364,4582,S,1845,2013,3858,Qwen3-Next-80B-A3B-Instruct,Estimated from text
2026-01-08T19:55:07.823762,4582,A,5886,886,6772,Qwen3-Next-80B-A3B-Instruct,Estimated from text
2026-01-08T19:55:53.810364,4583,S,1845,2007,3852,Qwen3-Next-80B-A3B-Instruct,Estimated from text
2026-01-08T19:55:57.349171,4583,A,5880,692,6572,Qwen3-Next-80B-A3B-Instruct,Estimated from text
2026-01-08T19:56:00.471569,4583,B,3315,528,3843,Qwen3-Next-80B-A3B-Instruct,Estimated from text
2026-01-08T19:56:10.825910,4584,S,1845,2050,3895,Qwen3-Next-80B-A3B-Instruct,Estimated from text
2026-01-08T19:56:14.947080,4584,A,5921,732,6653,Qwen3-Next-80B-A3B-Instruct,Estimated from text
2026-01-08T19:56:18.263547,4584,B,3352,560,3912,Qwen3-Next-80B-A3B-Instruct,Estimated from text
2026-01-08T19:56:29.061603,4586,S,1845,2093,3938,Qwen3-Next-80B-A3B-Instruct,Estimated from text
2026-01-08T19:56:33.883292,4586,A,5967,834,6801,Qwen3-Next-80B-A3B-Instruct,Estimated from text
2026-01-08T19:56:36.897147,4586,B,3457,480,3937,Qwen3-Next-80B-A3B-Instruct,Estimated from text
2026-01-08T19:56:46.090149,4587,S,1845,1686,3531,Qwen3-Next-80B-A3B-Instruct,Estimated from text
2026-01-08T19:56:50.623909,4587,A,5555,813,6368,Qwen3-Next-80B-A3B-Instruct,Estimated from text
2026-01-08T19:56:53.884587,4587,B,3433,600,4033,Qwen3-Next-80B-A3B-Instruct,Estimated from text
2026-01-08T19:57:02.791568,4589,S,1845,1603,3448,Qwen3-Next-80B-A3B-Instruct,Estimated from text
2026-01-08T19:57:06.107282,4589,A,5469,532,6001,Qwen3-Next-80B-A3B-Instruct,Estimated from text
2026-01-08T19:57:09.321640,4589,B,3153,436,3589,Qwen3-Next-80B-A3B-Instruct,Estimated from text
2026-01-08T19:57:19.780390,4590,S,1845,1692,3537,Qwen3-Next-80B-A3B-Instruct,Estimated from text
2026-01-08T19:57:24.602752,4590,A,5557,871,6428,Qwen3-Next-80B-A3B-Instruct,Estimated from text
2026-01-08T19:57:27.316511,4590,B,3488,462,3950,Qwen3-Next-80B-A3B-Instruct,Estimated from text
2026-01-08T19:57:38.176248,4592,S,1845,2088,3933,Qwen3-Next-80B-A3B-Instruct,Estimated from text
2026-01-08T19:57:41.794481,4592,A,5961,626,6587,Qwen3-Next-80B-A3B-Instruct,Estimated from text
2026-01-08T19:57:46.715688,4592,B,3246,897,4143,Qwen3-Next-80B-A3B-Instruct,Estimated from text
2026-01-08T19:57:58.089864,4593,S,1845,1856,3701,Qwen3-Next-80B-A3B-Instruct,Estimated from text
2026-01-08T19:58:01.606370,4593,A,5725,598,6323,Qwen3-Next-80B-A3B-Instruct,Estimated from text
2026-01-08T19:58:04.621461,4593,B,3215,492,3707,Qwen3-Next-80B-A3B-Instruct,Estimated from text
2026-01-08T19:58:14.675506,4594,S,1845,1885,3730,Qwen3-Next-80B-A3B-Instruct,Estimated from text
2026-01-08T19:58:18.994943,4594,A,5750,830,6580,Qwen3-Next-80B-A3B-Instruct,Estimated from text
2026-01-08T19:58:22.110964,4594,B,3447,557,4004,Qwen3-Next-80B-A3B-Instruct,Estimated from text
2026-01-08T19:58:31.058571,4595,S,1845,1785,3630,Qwen3-Next-80B-A3B-Instruct,Estimated from text
2026-01-08T19:58:35.177733,4595,A,5649,725,6374,Qwen3-Next-80B-A3B-Instruct,Estimated from text
2026-01-08T19:58:38.594041,4595,B,3342,527,3869,Qwen3-Next-80B-A3B-Instruct,Estimated from text
2026-01-08T19:58:50.455958,4597,S,1845,1751,3596,Qwen3-Next-80B-A3B-Instruct,Estimated from text
2026-01-08T19:58:54.893940,4597,A,5619,755,6374,Qwen3-Next-80B-A3B-Instruct,Estimated from text
2026-01-08T19:59:04.197768,4597,B,3375,477,3852,Qwen3-Next-80B-A3B-Instruct,Estimated from text
2026-01-08T19:59:28.069797,4598,S,1845,1474,3319,Qwen3-Next-80B-A3B-Instruct,Estimated from text
2026-01-08T19:59:36.773726,4598,A,5337,576,5913,Qwen3-Next-80B-A3B-Instruct,Estimated from text
2026-01-08T19:59:44.823351,4598,B,3192,534,3726,Qwen3-Next-80B-A3B-Instruct,Estimated from text
2026-01-08T20:00:04.790314,4600,S,1845,1684,3529,Qwen3-Next-80B-A3B-Instruct,Estimated from text
2026-01-08T20:00:11.455171,4600,A,5550,885,6435,Qwen3-Next-80B-A3B-Instruct,Estimated from text
2026-01-08T20:00:15.209151,4600,B,3504,648,4152,Qwen3-Next-80B-A3B-Instruct,Estimated from text
2026-01-08T20:00:25.070278,4601,S,1845,1614,3459,Qwen3-Next-80B-A3B-Instruct,Estimated from text
2026-01-08T20:00:30.496666,4601,A,5481,799,6280,Qwen3-Next-80B-A3B-Instruct,Estimated from text
2026-01-08T20:00:33.972004,4601,B,3418,475,3893,Qwen3-Next-80B-A3B-Instruct,Estimated from text
2026-01-08T20:00:43.533585,4602,S,1845,2011,3856,Qwen3-Next-80B-A3B-Instruct,Estimated from text
2026-01-08T20:00:48.255271,4602,A,5877,827,6704,Qwen3-Next-80B-A3B-Instruct,Estimated from text
2026-01-08T20:00:51.169902,4602,B,3444,464,3908,Qwen3-Next-80B-A3B-Instruct,Estimated from text
2026-01-08T20:01:01.329824,4603,S,1845,1755,3600,Qwen3-Next-80B-A3B-Instruct,Estimated from text
2026-01-08T20:01:05.145877,4603,A,5624,647,6271,Qwen3-Next-80B-A3B-Instruct,Estimated from text
2026-01-08T20:01:08.161529,4603,B,3264,549,3813,Qwen3-Next-80B-A3B-Instruct,Estimated from text
2026-01-08T20:01:16.243944,4605,S,1845,1546,3391,Qwen3-Next-80B-A3B-Instruct,Estimated from text
2026-01-08T20:01:20.661824,4605,A,5412,813,6225,Qwen3-Next-80B-A3B-Instruct,Estimated from text
2026-01-08T20:01:23.775902,4605,B,3432,413,3845,Qwen3-Next-80B-A3B-Instruct,Estimated from text
2026-01-08T20:01:33.428632,4606,S,1845,1758,3603,Qwen3-Next-80B-A3B-Instruct,Estimated from text
2026-01-08T20:01:41.866069,4606,A,5624,1630,7254,Qwen3-Next-80B-A3B-Instruct,Estimated from text
2026-01-08T20:01:45.182698,4606,B,4247,520,4767,Qwen3-Next-80B-A3B-Instruct,Estimated from text
2026-01-08T20:01:54.131839,4607,S,1845,1664,3509,Qwen3-Next-80B-A3B-Instruct,Estimated from text
2026-01-08T20:01:58.653560,4607,A,5525,834,6359,Qwen3-Next-80B-A3B-Instruct,Estimated from text
2026-01-08T20:02:02.070175,4607,B,3451,637,4088,Qwen3-Next-80B-A3B-Instruct,Estimated from text
2026-01-08T20:02:14.231886,4608,S,1845,2450,4295,Qwen3-Next-80B-A3B-Instruct,Estimated from text
2026-01-08T20:02:19.756332,4608,A,6323,1014,7337,Qwen3-Next-80B-A3B-Instruct,Estimated from text
2026-01-08T20:02:22.972054,4608,B,3630,576,4206,Qwen3-Next-80B-A3B-Instruct,Estimated from text
2026-01-08T20:02:32.547353,4610,S,1845,1890,3735,Qwen3-Next-80B-A3B-Instruct,Estimated from text
2026-01-08T20:02:36.865999,4610,A,5756,780,6536,Qwen3-Next-80B-A3B-Instruct,Estimated from text
2026-01-08T20:02:39.680607,4610,B,3395,494,3889,Qwen3-Next-80B-A3B-Instruct,Estimated from text
2026-01-08T20:02:50.866412,4611,S,1845,2066,3911,Qwen3-Next-80B-A3B-Instruct,Estimated from text
2026-01-08T20:02:54.682602,4611,A,5928,689,6617,Qwen3-Next-80B-A3B-Instruct,Estimated from text
2026-01-08T20:02:57.597817,4611,B,3303,474,3777,Qwen3-Next-80B-A3B-Instruct,Estimated from text
2026-01-08T20:03:07.348590,4612,S,1845,1925,3770,Qwen3-Next-80B-A3B-Instruct,Estimated from text
2026-01-08T20:03:11.465937,4612,A,5784,713,6497,Qwen3-Next-80B-A3B-Instruct,Estimated from text
2026-01-08T20:03:14.381629,4612,B,3324,481,3805,Qwen3-Next-80B-A3B-Instruct,Estimated from text
2026-01-08T20:03:26.759617,4613,S,1845,2127,3972,Qwen3-Next-80B-A3B-Instruct,Estimated from text
2026-01-08T20:03:37.802950,4613,A,5991,715,6706,Qwen3-Next-80B-A3B-Instruct,Estimated from text
2026-01-08T20:03:46.138854,4613,B,3326,507,3833,Qwen3-Next-80B-A3B-Instruct,Estimated from text
2026-01-08T20:04:07.208613,4615,S,1845,1671,3516,Qwen3-Next-80B-A3B-Instruct,Estimated from text
2026-01-08T20:04:14.039227,4615,A,5534,771,6305,Qwen3-Next-80B-A3B-Instruct,Estimated from text
2026-01-08T20:04:18.056963,4615,B,3389,572,3961,Qwen3-Next-80B-A3B-Instruct,Estimated from text
2026-01-08T20:04:28.610260,4616,S,1845,1844,3689,Qwen3-Next-80B-A3B-Instruct,Estimated from text
2026-01-08T20:04:32.928333,4616,A,5709,735,6444,Qwen3-Next-80B-A3B-Instruct,Estimated from text
2026-01-08T20:04:37.247327,4616,B,3352,641,3993,Qwen3-Next-80B-A3B-Instruct,Estimated from text
2026-01-08T20:04:48.220663,4619,S,1845,1983,3828,Qwen3-Next-80B-A3B-Instruct,Estimated from text
2026-01-08T20:04:52.137972,4619,A,5852,762,6614,Qwen3-Next-80B-A3B-Instruct,Estimated from text
2026-01-08T20:04:55.153369,4619,B,3381,564,3945,Qwen3-Next-80B-A3B-Instruct,Estimated from text
2026-01-08T20:05:03.401333,4620,S,1845,1526,3371,Qwen3-Next-80B-A3B-Instruct,Estimated from text
2026-01-08T20:05:07.621118,4620,A,5388,670,6058,Qwen3-Next-80B-A3B-Instruct,Estimated from text
2026-01-08T20:05:10.842569,4620,B,3289,562,3851,Qwen3-Next-80B-A3B-Instruct,Estimated from text
2026-01-08T20:05:24.812143,4621,S,1845,1959,3804,Qwen3-Next-80B-A3B-Instruct,Estimated from text
2026-01-08T20:05:33.748048,4621,A,5824,897,6721,Qwen3-Next-80B-A3B-Instruct,Estimated from text
2026-01-08T20:05:38.872551,4621,B,3513,509,4022,Qwen3-Next-80B-A3B-Instruct,Estimated from text
2026-01-08T20:05:50.327871,4622,S,1845,1754,3599,Qwen3-Next-80B-A3B-Instruct,Estimated from text
2026-01-08T20:05:54.647995,4622,A,5616,753,6369,Qwen3-Next-80B-A3B-Instruct,Estimated from text
2026-01-08T20:05:58.467681,4622,B,3369,539,3908,Qwen3-Next-80B-A3B-Instruct,Estimated from text
2026-01-08T20:06:07.713788,4623,S,1845,1698,3543,Qwen3-Next-80B-A3B-Instruct,Estimated from text
2026-01-08T20:06:11.632182,4623,A,5560,733,6293,Qwen3-Next-80B-A3B-Instruct,Estimated from text
2026-01-08T20:06:14.346526,4623,B,3348,441,3789,Qwen3-Next-80B-A3B-Instruct,Estimated from text
2026-01-08T20:06:25.206193,4624,S,1845,1968,3813,Qwen3-Next-80B-A3B-Instruct,Estimated from text
2026-01-08T20:06:29.427076,4624,A,5835,804,6639,Qwen3-Next-80B-A3B-Instruct,Estimated from text
2026-01-08T20:06:32.141084,4624,B,3420,444,3864,Qwen3-Next-80B-A3B-Instruct,Estimated from text
2026-01-08T20:06:41.094302,4625,S,1845,1704,3549,Qwen3-Next-80B-A3B-Instruct,Estimated from text
2026-01-08T20:06:45.614754,4625,A,5565,897,6462,Qwen3-Next-80B-A3B-Instruct,Estimated from text
2026-01-08T20:06:49.333658,4625,B,3512,630,4142,Qwen3-Next-80B-A3B-Instruct,Estimated from text
2026-01-08T20:06:57.976784,4626,S,1845,1602,3447,Qwen3-Next-80B-A3B-Instruct,Estimated from text
2026-01-08T20:07:01.794386,4626,A,5462,601,6063,Qwen3-Next-80B-A3B-Instruct,Estimated from text
2026-01-08T20:07:05.713251,4626,B,3216,471,3687,Qwen3-Next-80B-A3B-Instruct,Estimated from text
2026-01-08T20:07:16.473806,4627,S,1845,1743,3588,Qwen3-Next-80B-A3B-Instruct,Estimated from text
2026-01-08T20:07:22.000567,4627,A,5606,1136,6742,Qwen3-Next-80B-A3B-Instruct,Estimated from text
2026-01-08T20:07:24.916515,4627,B,3751,524,4275,Qwen3-Next-80B-A3B-Instruct,Estimated from text
2026-01-08T20:07:34.566929,4629,S,1845,1682,3527,Qwen3-Next-80B-A3B-Instruct,Estimated from text
2026-01-08T20:07:39.489641,4629,A,5540,924,6464,Qwen3-Next-80B-A3B-Instruct,Estimated from text
2026-01-08T20:08:30.086404,4630,S,1845,1515,3360,Qwen3-Next-80B-A3B-Instruct,Estimated from text
2026-01-08T20:08:34.204715,4630,A,5376,644,6020,Qwen3-Next-80B-A3B-Instruct,Estimated from text
2026-01-08T20:08:37.626994,4630,B,3257,520,3777,Qwen3-Next-80B-A3B-Instruct,Estimated from text
2026-01-08T20:09:00.166850,4631,S,1845,1650,3495,Qwen3-Next-80B-A3B-Instruct,Estimated from text
2026-01-08T20:09:09.310235,4631,A,5510,760,6270,Qwen3-Next-80B-A3B-Instruct,Estimated from text
2026-01-08T20:09:13.528717,4631,B,3372,466,3838,Qwen3-Next-80B-A3B-Instruct,Estimated from text
2026-01-08T20:09:26.597119,4632,S,1845,2103,3948,Qwen3-Next-80B-A3B-Instruct,Estimated from text
2026-01-08T20:09:30.917326,4632,A,5969,717,6686,Qwen3-Next-80B-A3B-Instruct,Estimated from text
2026-01-08T20:09:34.031995,4632,B,3329,428,3757,Qwen3-Next-80B-A3B-Instruct,Estimated from text
2026-01-08T20:09:43.180779,4633,S,1845,1527,3372,Qwen3-Next-80B-A3B-Instruct,Estimated from text
2026-01-08T20:09:47.901938,4633,A,5386,663,6049,Qwen3-Next-80B-A3B-Instruct,Estimated from text
2026-01-08T20:09:50.914010,4633,B,3276,457,3733,Qwen3-Next-80B-A3B-Instruct,Estimated from text
2026-01-08T20:09:59.160392,4634,S,1845,1610,3455,Qwen3-Next-80B-A3B-Instruct,Estimated from text
2026-01-08T20:10:04.686330,4634,A,5466,831,6297,Qwen3-Next-80B-A3B-Instruct,Estimated from text
2026-01-08T20:10:07.600440,4634,B,3443,436,3879,Qwen3-Next-80B-A3B-Instruct,Estimated from text
2026-01-08T20:10:19.017960,4635,S,1845,1944,3789,Qwen3-Next-80B-A3B-Instruct,Estimated from text
2026-01-08T20:10:24.144519,4635,A,5804,806,6610,Qwen3-Next-80B-A3B-Instruct,Estimated from text
2026-01-08T20:10:27.560418,4635,B,3418,571,3989,Qwen3-Next-80B-A3B-Instruct,Estimated from text
2026-01-08T20:10:38.116638,4636,S,1845,1920,3765,Qwen3-Next-80B-A3B-Instruct,Estimated from text
2026-01-08T20:10:42.838507,4636,A,5783,858,6641,Qwen3-Next-80B-A3B-Instruct,Estimated from text
2026-01-08T20:10:45.450276,4636,B,3471,430,3901,Qwen3-Next-80B-A3B-Instruct,Estimated from text
2026-01-08T20:10:54.093850,4637,S,1845,1493,3338,Qwen3-Next-80B-A3B-Instruct,Estimated from text
2026-01-08T20:10:58.315260,4637,A,5350,842,6192,Qwen3-Next-80B-A3B-Instruct,Estimated from text
2026-01-08T20:11:01.130392,4637,B,3454,493,3947,Qwen3-Next-80B-A3B-Instruct,Estimated from text
2026-01-08T20:11:10.682096,4638,S,1845,1704,3549,Qwen3-Next-80B-A3B-Instruct,Estimated from text
2026-01-08T20:11:14.400095,4638,A,5565,553,6118,Qwen3-Next-80B-A3B-Instruct,Estimated from text
2026-01-08T20:11:17.213533,4638,B,3165,374,3539,Qwen3-Next-80B-A3B-Instruct,Estimated from text
2026-01-08T20:11:26.783188,4640,S,1845,1667,3512,Qwen3-Next-80B-A3B-Instruct,Estimated from text
2026-01-08T20:11:32.005317,4640,A,5523,999,6522,Qwen3-Next-80B-A3B-Instruct,Estimated from text
2026-01-08T20:11:35.223752,4640,B,3607,522,4129,Qwen3-Next-80B-A3B-Instruct,Estimated from text
2026-01-08T20:11:45.494455,4642,S,1845,2127,3972,Qwen3-Next-80B-A3B-Instruct,Estimated from text
2026-01-08T20:11:50.416862,4642,A,5991,955,6946,Qwen3-Next-80B-A3B-Instruct,Estimated from text
2026-01-08T20:11:59.557667,4642,B,3568,579,4147,Qwen3-Next-80B-A3B-Instruct,Estimated from text
2026-01-08T20:12:24.177867,4643,S,1845,1699,3544,Qwen3-Next-80B-A3B-Instruct,Estimated from text
2026-01-08T20:12:32.310610,4643,A,5558,819,6377,Qwen3-Next-80B-A3B-Instruct,Estimated from text
2026-01-08T20:12:37.935708,4643,B,3430,627,4057,Qwen3-Next-80B-A3B-Instruct,Estimated from text
2026-01-08T20:12:50.572389,4644,S,1845,1632,3477,Qwen3-Next-80B-A3B-Instruct,Estimated from text
2026-01-08T20:12:56.395888,4644,A,5490,813,6303,Qwen3-Next-80B-A3B-Instruct,Estimated from text
2026-01-08T20:13:00.416695,4644,B,3424,580,4004,Qwen3-Next-80B-A3B-Instruct,Estimated from text
2026-01-08T20:13:12.498940,4645,S,1845,1765,3610,Qwen3-Next-80B-A3B-Instruct,Estimated from text
2026-01-08T20:13:18.127166,4645,A,5624,925,6549,Qwen3-Next-80B-A3B-Instruct,Estimated from text
2026-01-08T20:13:21.443214,4645,B,3536,475,4011,Qwen3-Next-80B-A3B-Instruct,Estimated from text
2026-01-08T20:13:30.185446,4646,S,1845,1724,3569,Qwen3-Next-80B-A3B-Instruct,Estimated from text
2026-01-08T20:13:34.505537,4646,A,5583,697,6280,Qwen3-Next-80B-A3B-Instruct,Estimated from text
2026-01-08T20:13:38.123058,4646,B,3308,600,3908,Qwen3-Next-80B-A3B-Instruct,Estimated from text
2026-01-08T20:13:49.247156,4648,S,1845,1634,3479,Qwen3-Next-80B-A3B-Instruct,Estimated from text
2026-01-08T20:13:53.665167,4648,A,5492,735,6227,Qwen3-Next-80B-A3B-Instruct,Estimated from text
2026-01-08T20:13:56.980584,4648,B,3345,469,3814,Qwen3-Next-80B-A3B-Instruct,Estimated from text
2026-01-08T20:14:08.522761,4650,S,1845,2115,3960,Qwen3-Next-80B-A3B-Instruct,Estimated from text
2026-01-08T20:14:13.041795,4650,A,5982,845,6827,Qwen3-Next-80B-A3B-Instruct,Estimated from text
2026-01-08T20:14:15.654554,4650,B,3459,419,3878,Qwen3-Next-80B-A3B-Instruct,Estimated from text
2026-01-08T20:14:25.456026,4651,S,1845,1890,3735,Qwen3-Next-80B-A3B-Instruct,Estimated from text
2026-01-08T20:14:30.579506,4651,A,5754,784,6538,Qwen3-Next-80B-A3B-Instruct,Estimated from text
2026-01-08T20:14:34.196682,4651,B,3399,447,3846,Qwen3-Next-80B-A3B-Instruct,Estimated from text
2026-01-08T20:14:44.121874,4652,S,1845,1572,3417,Qwen3-Next-80B-A3B-Instruct,Estimated from text
2026-01-08T20:14:50.047090,4652,A,5430,723,6153,Qwen3-Next-80B-A3B-Instruct,Estimated from text
2026-01-08T20:14:54.067432,4652,B,3334,529,3863,Qwen3-Next-80B-A3B-Instruct,Estimated from text
2026-01-08T20:15:08.012785,4654,S,1845,1602,3447,Qwen3-Next-80B-A3B-Instruct,Estimated from text
2026-01-08T20:15:13.436696,4654,A,5463,698,6161,Qwen3-Next-80B-A3B-Instruct,Estimated from text
2026-01-08T20:15:19.063474,4654,B,3312,511,3823,Qwen3-Next-80B-A3B-Instruct,Estimated from text
2026-01-08T20:15:32.617612,4655,S,1845,1578,3423,Qwen3-Next-80B-A3B-Instruct,Estimated from text
2026-01-08T20:15:38.544355,4655,A,5442,807,6249,Qwen3-Next-80B-A3B-Instruct,Estimated from text
2026-01-08T20:15:42.764817,4655,B,3421,530,3951,Qwen3-Next-80B-A3B-Instruct,Estimated from text
2026-01-08T20:15:55.288937,4656,S,1845,1769,3614,Qwen3-Next-80B-A3B-Instruct,Estimated from text
2026-01-08T20:16:01.618849,4656,A,5634,1001,6635,Qwen3-Next-80B-A3B-Instruct,Estimated from text
2026-01-08T20:16:05.939253,4656,B,3615,513,4128,Qwen3-Next-80B-A3B-Instruct,Estimated from text
2026-01-08T20:16:20.735259,4657,S,1845,1941,3786,Qwen3-Next-80B-A3B-Instruct,Estimated from text
2026-01-08T20:16:25.156314,4657,A,5803,604,6407,Qwen3-Next-80B-A3B-Instruct,Estimated from text
2026-01-08T20:16:32.186749,4657,B,3215,942,4157,Qwen3-Next-80B-A3B-Instruct,Estimated from text
2026-01-08T20:16:46.139354,4658,S,1845,2133,3978,Qwen3-Next-80B-A3B-Instruct,Estimated from text
2026-01-08T20:16:50.960415,4658,A,5994,836,6830,Qwen3-Next-80B-A3B-Instruct,Estimated from text
2026-01-08T20:16:54.274729,4658,B,3447,588,4035,Qwen3-Next-80B-A3B-Instruct,Estimated from text
2026-01-08T20:17:07.282942,4659,S,1845,1788,3633,Qwen3-Next-80B-A3B-Instruct,Estimated from text
2026-01-08T20:17:14.111007,4659,A,5648,873,6521,Qwen3-Next-80B-A3B-Instruct,Estimated from text
2026-01-08T20:17:18.530930,4659,B,3483,548,4031,Qwen3-Next-80B-A3B-Instruct,Estimated from text
2026-01-08T20:17:30.402142,4660,S,1845,2101,3946,Qwen3-Next-80B-A3B-Instruct,Estimated from text
2026-01-08T20:17:35.425608,4660,A,5961,928,6889,Qwen3-Next-80B-A3B-Instruct,Estimated from text
2026-01-08T20:17:39.142711,4660,B,3539,644,4183,Qwen3-Next-80B-A3B-Instruct,Estimated from text
2026-01-08T20:17:49.237424,4661,S,1845,1928,3773,Qwen3-Next-80B-A3B-Instruct,Estimated from text
2026-01-08T20:17:54.261297,4661,A,5787,849,6636,Qwen3-Next-80B-A3B-Instruct,Estimated from text
2026-01-08T20:17:57.377801,4661,B,3459,473,3932,Qwen3-Next-80B-A3B-Instruct,Estimated from text
2026-01-08T20:18:07.957096,4662,S,1845,1914,3759,Qwen3-Next-80B-A3B-Instruct,Estimated from text
2026-01-08T20:18:13.382890,4662,A,5774,786,6560,Qwen3-Next-80B-A3B-Instruct,Estimated from text
2026-01-08T20:18:16.999597,4662,B,3396,618,4014,Qwen3-Next-80B-A3B-Instruct,Estimated from text
2026-01-08T20:18:27.737534,4663,S,1845,1971,3816,Qwen3-Next-80B-A3B-Instruct,Estimated from text
2026-01-08T20:18:31.756672,4663,A,5833,679,6512,Qwen3-Next-80B-A3B-Instruct,Estimated from text
2026-01-08T20:18:34.591182,4663,B,3290,493,3783,Qwen3-Next-80B-A3B-Instruct,Estimated from text
2026-01-08T20:18:43.600208,4664,S,1845,1764,3609,Qwen3-Next-80B-A3B-Instruct,Estimated from text
2026-01-08T20:18:47.333418,4664,A,5625,621,6246,Qwen3-Next-80B-A3B-Instruct,Estimated from text
2026-01-08T20:18:51.130748,4664,B,3232,604,3836,Qwen3-Next-80B-A3B-Instruct,Estimated from text
2026-01-08T20:19:02.146169,4665,S,1845,1954,3799,Qwen3-Next-80B-A3B-Instruct,Estimated from text
2026-01-08T20:19:07.253109,4665,A,5817,882,6699,Qwen3-Next-80B-A3B-Instruct,Estimated from text
2026-01-08T20:19:10.300625,4665,B,3493,451,3944,Qwen3-Next-80B-A3B-Instruct,Estimated from text
2026-01-08T20:19:20.468918,4667,S,1845,1852,3697,Qwen3-Next-80B-A3B-Instruct,Estimated from text
2026-01-08T20:19:24.554527,4667,A,5719,720,6439,Qwen3-Next-80B-A3B-Instruct,Estimated from text
2026-01-08T20:19:27.713942,4667,B,3337,536,3873,Qwen3-Next-80B-A3B-Instruct,Estimated from text
2026-01-08T20:19:38.857469,4668,S,1845,1983,3828,Qwen3-Next-80B-A3B-Instruct,Estimated from text
2026-01-08T20:19:42.986325,4668,A,5850,513,6363,Qwen3-Next-80B-A3B-Instruct,Estimated from text
2026-01-08T20:19:45.816971,4668,B,3130,401,3531,Qwen3-Next-80B-A3B-Instruct,Estimated from text
2026-01-08T20:19:57.361027,4669,S,1845,1985,3830,Qwen3-Next-80B-A3B-Instruct,Estimated from text
2026-01-08T20:20:01.385144,4669,A,5850,687,6537,Qwen3-Next-80B-A3B-Instruct,Estimated from text
2026-01-08T20:20:04.912373,4669,B,3304,671,3975,Qwen3-Next-80B-A3B-Instruct,Estimated from text
2026-01-08T20:20:14.319086,4671,S,1845,1824,3669,Qwen3-Next-80B-A3B-Instruct,Estimated from text
2026-01-08T20:20:18.463739,4671,A,5687,807,6494,Qwen3-Next-80B-A3B-Instruct,Estimated from text
2026-01-08T20:20:21.424274,4671,B,3425,449,3874,Qwen3-Next-80B-A3B-Instruct,Estimated from text
2026-01-08T20:20:31.889480,4672,S,1845,1949,3794,Qwen3-Next-80B-A3B-Instruct,Estimated from text
2026-01-08T20:20:36.244287,4672,A,5815,803,6618,Qwen3-Next-80B-A3B-Instruct,Estimated from text
2026-01-08T20:20:39.487168,4672,B,3420,531,3951,Qwen3-Next-80B-A3B-Instruct,Estimated from text
2026-01-08T20:20:50.474633,4673,S,1845,2083,3928,Qwen3-Next-80B-A3B-Instruct,Estimated from text
2026-01-08T20:20:54.922676,4673,A,5949,881,6830,Qwen3-Next-80B-A3B-Instruct,Estimated from text
2026-01-08T20:20:57.997262,4673,B,3498,508,4006,Qwen3-Next-80B-A3B-Instruct,Estimated from text
2026-01-08T20:21:09.813784,4675,S,1845,2349,4194,Qwen3-Next-80B-A3B-Instruct,Estimated from text
2026-01-08T20:21:13.737759,4675,A,6225,668,6893,Qwen3-Next-80B-A3B-Instruct,Estimated from text
2026-01-08T20:21:16.662954,4675,B,3291,450,3741,Qwen3-Next-80B-A3B-Instruct,Estimated from text
2026-01-08T20:21:25.800874,4676,S,1845,1808,3653,Qwen3-Next-80B-A3B-Instruct,Estimated from text
2026-01-08T20:21:32.348657,4676,A,5673,1008,6681,Qwen3-Next-80B-A3B-Instruct,Estimated from text
2026-01-08T20:21:35.796903,4676,B,3626,474,4100,Qwen3-Next-80B-A3B-Instruct,Estimated from text
2026-01-08T20:21:48.834770,4677,S,1845,2302,4147,Qwen3-Next-80B-A3B-Instruct,Estimated from text
2026-01-08T20:21:53.721292,4677,A,6173,921,7094,Qwen3-Next-80B-A3B-Instruct,Estimated from text
2026-01-08T20:21:56.346925,4677,B,3539,446,3985,Qwen3-Next-80B-A3B-Instruct,Estimated from text
2026-01-08T20:22:13.911016,4679,S,1845,1931,3776,Qwen3-Next-80B-A3B-Instruct,Estimated from text
2026-01-08T20:22:22.984691,4679,A,5803,618,6421,Qwen3-Next-80B-A3B-Instruct,Estimated from text
2026-01-08T20:22:29.236821,4679,B,3242,418,3660,Qwen3-Next-80B-A3B-Instruct,Estimated from text
2026-01-08T20:22:53.182465,4680,S,1845,2316,4161,Qwen3-Next-80B-A3B-Instruct,Estimated from text
2026-01-08T20:23:02.905451,4680,A,6194,1258,7452,Qwen3-Next-80B-A3B-Instruct,Estimated from text
2026-01-08T20:23:06.017335,4680,B,3882,408,4290,Qwen3-Next-80B-A3B-Instruct,Estimated from text
2026-01-08T20:23:22.345326,4681,S,1845,2409,4254,Qwen3-Next-80B-A3B-Instruct,Estimated from text
2026-01-08T20:23:27.887794,4681,A,6286,837,7123,Qwen3-Next-80B-A3B-Instruct,Estimated from text
2026-01-08T20:23:30.912444,4681,B,3461,511,3972,Qwen3-Next-80B-A3B-Instruct,Estimated from text
2026-01-08T20:23:40.814871,4682,S,1845,1880,3725,Qwen3-Next-80B-A3B-Instruct,Estimated from text
2026-01-08T20:23:45.342078,4682,A,5751,726,6477,Qwen3-Next-80B-A3B-Instruct,Estimated from text
2026-01-08T20:24:34.681954,4683,S,1845,1677,3522,Qwen3-Next-80B-A3B-Instruct,Estimated from text
2026-01-08T20:24:41.109443,4683,A,5550,869,6419,Qwen3-Next-80B-A3B-Instruct,Estimated from text
2026-01-08T20:25:29.717178,4684,S,1845,1966,3811,Qwen3-Next-80B-A3B-Instruct,Estimated from text
2026-01-08T20:25:33.534539,4684,A,5838,619,6457,Qwen3-Next-80B-A3B-Instruct,Estimated from text
2026-01-08T20:25:36.348229,4684,B,3243,381,3624,Qwen3-Next-80B-A3B-Instruct,Estimated from text
2026-01-08T20:25:48.217695,4685,S,1845,2188,4033,Qwen3-Next-80B-A3B-Instruct,Estimated from text
2026-01-08T20:25:54.952238,4685,A,6059,881,6940,Qwen3-Next-80B-A3B-Instruct,Estimated from text
2026-01-08T20:25:59.272914,4685,B,3502,519,4021,Qwen3-Next-80B-A3B-Instruct,Estimated from text
2026-01-08T20:26:14.471650,4686,S,1845,2336,4181,Qwen3-Next-80B-A3B-Instruct,Estimated from text
2026-01-08T20:26:21.625168,4686,A,6210,977,7187,Qwen3-Next-80B-A3B-Instruct,Estimated from text
2026-01-08T20:26:25.769599,4686,B,3598,534,4132,Qwen3-Next-80B-A3B-Instruct,Estimated from text
2026-01-08T20:26:37.529416,4687,S,1845,1650,3495,Qwen3-Next-80B-A3B-Instruct,Estimated from text
2026-01-08T20:26:42.678730,4687,A,5519,651,6170,Qwen3-Next-80B-A3B-Instruct,Estimated from text
2026-01-08T20:26:46.602136,4687,B,3272,420,3692,Qwen3-Next-80B-A3B-Instruct,Estimated from text
2026-01-08T20:27:01.485515,4688,S,1845,1809,3654,Qwen3-Next-80B-A3B-Instruct,Estimated from text
2026-01-08T20:27:08.648257,4688,A,5676,793,6469,Qwen3-Next-80B-A3B-Instruct,Estimated from text
2026-01-08T20:27:12.918087,4688,B,3414,560,3974,Qwen3-Next-80B-A3B-Instruct,Estimated from text
2026-01-08T20:27:26.479265,4689,S,1845,2088,3933,Qwen3-Next-80B-A3B-Instruct,Estimated from text
2026-01-08T20:27:32.150672,4689,A,5959,900,6859,Qwen3-Next-80B-A3B-Instruct,Estimated from text
2026-01-08T20:27:35.779405,4689,B,3521,570,4091,Qwen3-Next-80B-A3B-Instruct,Estimated from text
2026-01-08T20:27:50.075864,4690,S,1845,2217,4062,Qwen3-Next-80B-A3B-Instruct,Estimated from text
2026-01-08T20:27:53.916254,4690,A,6087,681,6768,Qwen3-Next-80B-A3B-Instruct,Estimated from text
2026-01-08T20:27:56.851904,4690,B,3302,498,3800,Qwen3-Next-80B-A3B-Instruct,Estimated from text
2026-01-08T20:28:09.049512,4691,S,1845,1783,3628,Qwen3-Next-80B-A3B-Instruct,Estimated from text
2026-01-08T20:28:14.486532,4691,A,5652,704,6356,Qwen3-Next-80B-A3B-Instruct,Estimated from text
2026-01-08T20:28:18.208764,4691,B,3325,462,3787,Qwen3-Next-80B-A3B-Instruct,Estimated from text
2026-01-08T20:28:30.061927,4692,S,1845,1840,3685,Qwen3-Next-80B-A3B-Instruct,Estimated from text
2026-01-08T20:28:35.826676,4692,A,5709,823,6532,Qwen3-Next-80B-A3B-Instruct,Estimated from text
2026-01-08T20:28:39.677275,4692,B,3444,446,3890,Qwen3-Next-80B-A3B-Instruct,Estimated from text
2026-01-08T20:28:57.047309,4693,S,1845,2303,4148,Qwen3-Next-80B-A3B-Instruct,Estimated from text
2026-01-08T20:29:01.887944,4693,A,6180,740,6920,Qwen3-Next-80B-A3B-Instruct,Estimated from text
2026-01-08T20:29:05.534213,4693,B,3361,521,3882,Qwen3-Next-80B-A3B-Instruct,Estimated from text
2026-01-08T20:29:15.031017,4694,S,1845,1751,3596,Qwen3-Next-80B-A3B-Instruct,Estimated from text
2026-01-08T20:29:18.764811,4694,A,5618,584,6202,Qwen3-Next-80B-A3B-Instruct,Estimated from text
2026-01-08T20:29:21.931432,4694,B,3205,430,3635,Qwen3-Next-80B-A3B-Instruct,Estimated from text
2026-01-08T20:29:33.763020,4695,S,1845,1589,3434,Qwen3-Next-80B-A3B-Instruct,Estimated from text
2026-01-08T20:29:39.515218,4695,A,5455,724,6179,Qwen3-Next-80B-A3B-Instruct,Estimated from text
2026-01-08T20:29:43.046215,4695,B,3345,451,3796,Qwen3-Next-80B-A3B-Instruct,Estimated from text
2026-01-08T20:29:53.059940,4696,S,1845,1689,3534,Qwen3-Next-80B-A3B-Instruct,Estimated from text
2026-01-08T20:29:57.314470,4696,A,5558,627,6185,Qwen3-Next-80B-A3B-Instruct,Estimated from text
2026-01-08T20:30:01.662855,4696,B,3248,456,3704,Qwen3-Next-80B-A3B-Instruct,Estimated from text
2026-01-08T20:30:15.898136,4697,S,1845,2059,3904,Qwen3-Next-80B-A3B-Instruct,Estimated from text
2026-01-08T20:30:20.955760,4697,A,5928,693,6621,Qwen3-Next-80B-A3B-Instruct,Estimated from text
2026-01-08T20:30:25.514762,4697,B,3314,522,3836,Qwen3-Next-80B-A3B-Instruct,Estimated from text
2026-01-08T20:30:38.381192,4698,S,1845,2226,4071,Qwen3-Next-80B-A3B-Instruct,Estimated from text
2026-01-08T20:30:43.729933,4698,A,6099,901,7000,Qwen3-Next-80B-A3B-Instruct,Estimated from text
2026-01-08T20:30:47.469524,4698,B,3521,607,4128,Qwen3-Next-80B-A3B-Instruct,Estimated from text
2026-01-08T20:31:01.303889,4700,S,1845,1885,3730,Qwen3-Next-80B-A3B-Instruct,Estimated from text
2026-01-08T20:31:07.136042,4700,A,5757,742,6499,Qwen3-Next-80B-A3B-Instruct,Estimated from text
2026-01-08T20:31:11.593041,4700,B,3366,625,3991,Qwen3-Next-80B-A3B-Instruct,Estimated from text
2026-01-08T20:31:26.220578,4702,S,1845,2346,4191,Qwen3-Next-80B-A3B-Instruct,Estimated from text
2026-01-08T20:31:30.650391,4702,A,6219,726,6945,Qwen3-Next-80B-A3B-Instruct,Estimated from text
2026-01-08T20:31:34.282976,4702,B,3348,493,3841,Qwen3-Next-80B-A3B-Instruct,Estimated from text
2026-01-08T20:31:42.505013,4703,S,1845,1385,3230,Qwen3-Next-80B-A3B-Instruct,Estimated from text
2026-01-08T20:31:46.952312,4703,A,5250,654,5904,Qwen3-Next-80B-A3B-Instruct,Estimated from text
2026-01-08T20:31:49.772797,4703,B,3274,355,3629,Qwen3-Next-80B-A3B-Instruct,Estimated from text
2026-01-08T20:32:00.699706,4704,S,1845,1761,3606,Qwen3-Next-80B-A3B-Instruct,Estimated from text
2026-01-08T20:32:05.271428,4704,A,5628,769,6397,Qwen3-Next-80B-A3B-Instruct,Estimated from text
2026-01-08T20:32:09.120583,4704,B,3389,527,3916,Qwen3-Next-80B-A3B-Instruct,Estimated from text
2026-01-08T20:32:23.595136,4705,S,1845,2051,3896,Qwen3-Next-80B-A3B-Instruct,Estimated from text
2026-01-08T20:32:28.845194,4705,A,5920,807,6727,Qwen3-Next-80B-A3B-Instruct,Estimated from text
2026-01-08T20:32:31.771370,4705,B,3426,421,3847,Qwen3-Next-80B-A3B-Instruct,Estimated from text
2026-01-08T20:32:41.979436,4706,S,1845,1846,3691,Qwen3-Next-80B-A3B-Instruct,Estimated from text
2026-01-08T20:32:46.838335,4706,A,5712,791,6503,Qwen3-Next-80B-A3B-Instruct,Estimated from text
2026-01-08T20:32:50.059560,4706,B,3411,477,3888,Qwen3-Next-80B-A3B-Instruct,Estimated from text
2026-01-08T20:33:03.266512,4707,S,1845,2059,3904,Qwen3-Next-80B-A3B-Instruct,Estimated from text
2026-01-08T20:33:08.600745,4707,A,5928,708,6636,Qwen3-Next-80B-A3B-Instruct,Estimated from text
2026-01-08T20:33:13.144835,4707,B,3328,621,3949,Qwen3-Next-80B-A3B-Instruct,Estimated from text
2026-01-08T20:33:24.007738,4708,S,1845,1912,3757,Qwen3-Next-80B-A3B-Instruct,Estimated from text
2026-01-08T20:33:29.147086,4708,A,5782,987,6769,Qwen3-Next-80B-A3B-Instruct,Estimated from text
2026-01-08T20:33:32.383945,4708,B,3607,522,4129,Qwen3-Next-80B-A3B-Instruct,Estimated from text
2026-01-08T20:33:41.886756,4709,S,1845,1657,3502,Qwen3-Next-80B-A3B-Instruct,Estimated from text
2026-01-08T20:33:46.747530,4709,A,5523,836,6359,Qwen3-Next-80B-A3B-Instruct,Estimated from text
2026-01-08T20:33:49.819550,4709,B,3456,507,3963,Qwen3-Next-80B-A3B-Instruct,Estimated from text
2026-01-08T20:33:58.606591,4710,S,1845,1633,3478,Qwen3-Next-80B-A3B-Instruct,Estimated from text
2026-01-08T20:34:02.948422,4710,A,5499,831,6330,Qwen3-Next-80B-A3B-Instruct,Estimated from text
2026-01-08T20:34:05.867064,4710,B,3450,489,3939,Qwen3-Next-80B-A3B-Instruct,Estimated from text
2026-01-08T20:34:19.708922,4711,S,1845,2145,3990,Qwen3-Next-80B-A3B-Instruct,Estimated from text
2026-01-08T20:34:25.181544,4711,A,6018,842,6860,Qwen3-Next-80B-A3B-Instruct,Estimated from text
2026-01-08T20:34:29.215472,4711,B,3462,650,4112,Qwen3-Next-80B-A3B-Instruct,Estimated from text
2026-01-08T20:34:40.238540,4712,S,1845,1851,3696,Qwen3-Next-80B-A3B-Instruct,Estimated from text
2026-01-08T20:34:44.689624,4712,A,5718,581,6299,Qwen3-Next-80B-A3B-Instruct,Estimated from text
2026-01-08T20:34:47.706984,4712,B,3201,380,3581,Qwen3-Next-80B-A3B-Instruct,Estimated from text
2026-01-08T20:34:59.120272,4713,S,1845,2030,3875,Qwen3-Next-80B-A3B-Instruct,Estimated from text
2026-01-08T20:35:03.470384,4713,A,5899,678,6577,Qwen3-Next-80B-A3B-Instruct,Estimated from text
2026-01-08T20:35:06.305459,4713,B,3297,408,3705,Qwen3-Next-80B-A3B-Instruct,Estimated from text
2026-01-08T20:35:14.846839,4715,S,1845,1620,3465,Qwen3-Next-80B-A3B-Instruct,Estimated from text
2026-01-08T20:35:19.276046,4715,A,5488,795,6283,Qwen3-Next-80B-A3B-Instruct,Estimated from text
2026-01-08T20:35:22.497199,4715,B,3414,543,3957,Qwen3-Next-80B-A3B-Instruct,Estimated from text
2026-01-08T20:35:32.705437,4717,S,1845,1884,3729,Qwen3-Next-80B-A3B-Instruct,Estimated from text
2026-01-08T20:35:37.478855,4717,A,5755,963,6718,Qwen3-Next-80B-A3B-Instruct,Estimated from text
2026-01-08T20:35:40.396835,4717,B,3585,528,4113,Qwen3-Next-80B-A3B-Instruct,Estimated from text
2026-01-08T20:35:49.706252,4718,S,1845,1587,3432,Qwen3-Next-80B-A3B-Instruct,Estimated from text
2026-01-08T20:35:54.255277,4718,A,5453,839,6292,Qwen3-Next-80B-A3B-Instruct,Estimated from text
2026-01-08T20:35:57.485485,4718,B,3461,530,3991,Qwen3-Next-80B-A3B-Instruct,Estimated from text
2026-01-08T20:36:09.860216,4719,S,1845,2341,4186,Qwen3-Next-80B-A3B-Instruct,Estimated from text
2026-01-08T20:36:14.179581,4719,A,6212,675,6887,Qwen3-Next-80B-A3B-Instruct,Estimated from text
2026-01-08T20:36:17.597651,4719,B,3292,494,3786,Qwen3-Next-80B-A3B-Instruct,Estimated from text
2026-01-08T20:36:28.079059,4720,S,1845,1870,3715,Qwen3-Next-80B-A3B-Instruct,Estimated from text
2026-01-08T20:36:32.311636,4720,A,5733,704,6437,Qwen3-Next-80B-A3B-Instruct,Estimated from text
2026-01-08T20:36:35.136569,4720,B,3321,448,3769,Qwen3-Next-80B-A3B-Instruct,Estimated from text
2026-01-08T20:36:44.849954,4721,S,1845,1925,3770,Qwen3-Next-80B-A3B-Instruct,Estimated from text
2026-01-08T20:36:49.972501,4721,A,5790,926,6716,Qwen3-Next-80B-A3B-Instruct,Estimated from text
2026-01-08T20:36:53.589119,4721,B,3543,729,4272,Qwen3-Next-80B-A3B-Instruct,Estimated from text
2026-01-08T20:37:02.095685,4723,S,1845,1608,3453,Qwen3-Next-80B-A3B-Instruct,Estimated from text
2026-01-08T20:37:06.214587,4723,A,5474,657,6131,Qwen3-Next-80B-A3B-Instruct,Estimated from text
2026-01-08T20:37:12.141437,4723,B,3278,955,4233,Qwen3-Next-80B-A3B-Instruct,Estimated from text
2026-01-08T20:37:21.623636,4724,S,1845,1846,3691,Qwen3-Next-80B-A3B-Instruct,Estimated from text
2026-01-08T20:37:26.042037,4724,A,5709,809,6518,Qwen3-Next-80B-A3B-Instruct,Estimated from text
2026-01-08T20:37:29.057036,4724,B,3424,440,3864,Qwen3-Next-80B-A3B-Instruct,Estimated from text
2026-01-08T20:37:38.194522,4725,S,1845,1769,3614,Qwen3-Next-80B-A3B-Instruct,Estimated from text
2026-01-08T20:37:42.712671,4725,A,5631,978,6609,Qwen3-Next-80B-A3B-Instruct,Estimated from text
2026-01-08T20:37:46.027340,4725,B,3593,603,4196,Qwen3-Next-80B-A3B-Instruct,Estimated from text
2026-01-08T20:37:55.539045,4727,S,1845,1860,3705,Qwen3-Next-80B-A3B-Instruct,Estimated from text
2026-01-08T20:38:00.058854,4727,A,5723,721,6444,Qwen3-Next-80B-A3B-Instruct,Estimated from text
2026-01-08T20:38:02.873520,4727,B,3338,522,3860,Qwen3-Next-80B-A3B-Instruct,Estimated from text
2026-01-08T20:38:12.230145,4729,S,1845,1857,3702,Qwen3-Next-80B-A3B-Instruct,Estimated from text
2026-01-08T20:38:16.550378,4729,A,5719,712,6431,Qwen3-Next-80B-A3B-Instruct,Estimated from text
2026-01-08T20:38:19.667110,4729,B,3328,510,3838,Qwen3-Next-80B-A3B-Instruct,Estimated from text
2026-01-08T20:38:30.628045,4730,S,1845,1962,3807,Qwen3-Next-80B-A3B-Instruct,Estimated from text
2026-01-08T20:38:35.355788,4730,A,5825,699,6524,Qwen3-Next-80B-A3B-Instruct,Estimated from text
2026-01-08T20:38:38.773922,4730,B,3314,472,3786,Qwen3-Next-80B-A3B-Instruct,Estimated from text
2026-01-08T20:38:51.666691,4731,S,1845,2441,4286,Qwen3-Next-80B-A3B-Instruct,Estimated from text
2026-01-08T20:38:56.086319,4731,A,6308,843,7151,Qwen3-Next-80B-A3B-Instruct,Estimated from text
2026-01-08T20:38:59.403380,4731,B,3459,567,4026,Qwen3-Next-80B-A3B-Instruct,Estimated from text
2026-01-08T20:39:08.854943,4732,S,1845,1916,3761,Qwen3-Next-80B-A3B-Instruct,Estimated from text
2026-01-08T20:39:17.990138,4732,A,5772,974,6746,Qwen3-Next-80B-A3B-Instruct,Estimated from text
2026-01-08T20:39:28.733914,4732,B,3585,747,4332,Qwen3-Next-80B-A3B-Instruct,Estimated from text
2026-01-08T20:39:53.345417,4733,S,1845,2110,3955,Qwen3-Next-80B-A3B-Instruct,Estimated from text
2026-01-08T20:40:01.483153,4733,A,5971,1019,6990,Qwen3-Next-80B-A3B-Instruct,Estimated from text
2026-01-08T20:40:05.703511,4733,B,3630,598,4228,Qwen3-Next-80B-A3B-Instruct,Estimated from text
2026-01-08T20:40:16.707710,4734,S,1845,1918,3763,Qwen3-Next-80B-A3B-Instruct,Estimated from text
2026-01-08T20:40:21.031108,4734,A,5776,562,6338,Qwen3-Next-80B-A3B-Instruct,Estimated from text
2026-01-08T20:40:23.845651,4734,B,3173,417,3590,Qwen3-Next-80B-A3B-Instruct,Estimated from text
2026-01-08T20:40:36.433603,4735,S,1845,2202,4047,Qwen3-Next-80B-A3B-Instruct,Estimated from text
2026-01-08T20:40:42.058795,4735,A,6066,1004,7070,Qwen3-Next-80B-A3B-Instruct,Estimated from text
2026-01-08T20:40:44.976504,4735,B,3615,423,4038,Qwen3-Next-80B-A3B-Instruct,Estimated from text
2026-01-08T20:40:56.786981,4736,S,1845,2004,3849,Qwen3-Next-80B-A3B-Instruct,Estimated from text
2026-01-08T20:41:01.606746,4736,A,5864,731,6595,Qwen3-Next-80B-A3B-Instruct,Estimated from text
2026-01-08T20:41:04.522088,4736,B,3342,414,3756,Qwen3-Next-80B-A3B-Instruct,Estimated from text
2026-01-08T20:41:19.003223,4737,S,1845,2207,4052,Qwen3-Next-80B-A3B-Instruct,Estimated from text
2026-01-08T20:41:24.225492,4737,A,6070,753,6823,Qwen3-Next-80B-A3B-Instruct,Estimated from text
2026-01-08T20:41:28.445185,4737,B,3364,545,3909,Qwen3-Next-80B-A3B-Instruct,Estimated from text
2026-01-08T20:41:44.831840,4738,S,1845,2493,4338,Qwen3-Next-80B-A3B-Instruct,Estimated from text
2026-01-08T20:41:48.950042,4738,A,6360,692,7052,Qwen3-Next-80B-A3B-Instruct,Estimated from text
2026-01-08T20:41:51.161808,4738,B,3303,342,3645,Qwen3-Next-80B-A3B-Instruct,Estimated from text
2026-01-08T20:42:01.443395,4740,S,1845,1872,3717,Qwen3-Next-80B-A3B-Instruct,Estimated from text
2026-01-08T20:42:05.316025,4740,A,5742,657,6399,Qwen3-Next-80B-A3B-Instruct,Estimated from text
2026-01-08T20:42:07.968490,4740,B,3276,405,3681,Qwen3-Next-80B-A3B-Instruct,Estimated from text
2026-01-08T20:42:18.299782,4741,S,1845,1835,3680,Qwen3-Next-80B-A3B-Instruct,Estimated from text
2026-01-08T20:42:23.788136,4741,A,5700,779,6479,Qwen3-Next-80B-A3B-Instruct,Estimated from text
2026-01-08T20:43:09.708077,4742,S,1845,1896,3741,Qwen3-Next-80B-A3B-Instruct,Estimated from text
2026-01-08T20:43:13.836077,4742,A,5762,772,6534,Qwen3-Next-80B-A3B-Instruct,Estimated from text
2026-01-08T20:43:18.896495,4742,B,3391,596,3987,Qwen3-Next-80B-A3B-Instruct,Estimated from text
2026-01-08T20:43:33.946278,4743,S,1845,2044,3889,Qwen3-Next-80B-A3B-Instruct,Estimated from text
2026-01-08T20:43:39.196319,4743,A,5915,725,6640,Qwen3-Next-80B-A3B-Instruct,Estimated from text
2026-01-08T20:44:28.934129,4745,S,1845,2523,4368,Qwen3-Next-80B-A3B-Instruct,Estimated from text
2026-01-08T20:44:32.953435,4745,A,6402,777,7179,Qwen3-Next-80B-A3B-Instruct,Estimated from text
2026-01-08T20:44:35.867096,4745,B,3397,594,3991,Qwen3-Next-80B-A3B-Instruct,Estimated from text
2026-01-08T20:44:48.749767,4746,S,1845,1881,3726,Qwen3-Next-80B-A3B-Instruct,Estimated from text
2026-01-08T20:44:54.575596,4746,A,5749,780,6529,Qwen3-Next-80B-A3B-Instruct,Estimated from text
2026-01-08T20:44:58.794900,4746,B,3400,612,4012,Qwen3-Next-80B-A3B-Instruct,Estimated from text
2026-01-08T20:45:09.261888,4747,S,1845,1685,3530,Qwen3-Next-80B-A3B-Instruct,Estimated from text
2026-01-08T20:45:13.784987,4747,A,5552,663,6215,Qwen3-Next-80B-A3B-Instruct,Estimated from text
2026-01-08T20:45:16.900683,4747,B,3284,453,3737,Qwen3-Next-80B-A3B-Instruct,Estimated from text
2026-01-08T20:45:29.075064,4748,S,1845,1757,3602,Qwen3-Next-80B-A3B-Instruct,Estimated from text
2026-01-08T20:45:35.002519,4748,A,5621,885,6506,Qwen3-Next-80B-A3B-Instruct,Estimated from text
2026-01-08T20:45:38.819771,4748,B,3502,564,4066,Qwen3-Next-80B-A3B-Instruct,Estimated from text
2026-01-08T20:45:50.187197,4749,S,1845,1835,3680,Qwen3-Next-80B-A3B-Instruct,Estimated from text
2026-01-08T20:45:58.021619,4749,A,5699,974,6673,Qwen3-Next-80B-A3B-Instruct,Estimated from text
2026-01-08T20:46:02.240717,4749,B,3591,453,4044,Qwen3-Next-80B-A3B-Instruct,Estimated from text
2026-01-08T20:46:18.215768,4750,S,1845,2008,3853,Qwen3-Next-80B-A3B-Instruct,Estimated from text
2026-01-08T20:46:23.744545,4750,A,5875,673,6548,Qwen3-Next-80B-A3B-Instruct,Estimated from text
2026-01-08T20:46:27.764364,4750,B,3290,412,3702,Qwen3-Next-80B-A3B-Instruct,Estimated from text
2026-01-08T20:46:39.227739,4751,S,1845,2089,3934,Qwen3-Next-80B-A3B-Instruct,Estimated from text
2026-01-08T20:46:44.451480,4751,A,5954,894,6848,Qwen3-Next-80B-A3B-Instruct,Estimated from text
2026-01-08T20:46:47.869048,4751,B,3511,518,4029,Qwen3-Next-80B-A3B-Instruct,Estimated from text
2026-01-08T20:47:01.346992,4753,S,1845,1994,3839,Qwen3-Next-80B-A3B-Instruct,Estimated from text
2026-01-08T20:47:07.876952,4753,A,5861,1047,6908,Qwen3-Next-80B-A3B-Instruct,Estimated from text
2026-01-08T20:47:12.196850,4753,B,3664,513,4177,Qwen3-Next-80B-A3B-Instruct,Estimated from text
2026-01-08T20:47:22.768134,4754,S,1845,1614,3459,Qwen3-Next-80B-A3B-Instruct,Estimated from text
2026-01-08T20:47:27.990244,4754,A,5476,653,6129,Qwen3-Next-80B-A3B-Instruct,Estimated from text
2026-01-08T20:47:31.807624,4754,B,3270,470,3740,Qwen3-Next-80B-A3B-Instruct,Estimated from text
2026-01-08T20:47:45.995583,4755,S,1845,1819,3664,Qwen3-Next-80B-A3B-Instruct,Estimated from text
2026-01-08T20:47:51.222825,4755,A,5684,780,6464,Qwen3-Next-80B-A3B-Instruct,Estimated from text
2026-01-08T20:47:54.238715,4755,B,3396,538,3934,Qwen3-Next-80B-A3B-Instruct,Estimated from text
2026-01-08T20:48:08.714627,4757,S,1845,2203,4048,Qwen3-Next-80B-A3B-Instruct,Estimated from text
2026-01-08T20:48:14.046679,4757,A,6068,850,6918,Qwen3-Next-80B-A3B-Instruct,Estimated from text
2026-01-08T20:48:17.468100,4757,B,3465,544,4009,Qwen3-Next-80B-A3B-Instruct,Estimated from text
2026-01-08T20:48:28.354986,4758,S,1845,1951,3796,Qwen3-Next-80B-A3B-Instruct,Estimated from text
2026-01-08T20:48:33.378515,4758,A,5813,649,6462,Qwen3-Next-80B-A3B-Instruct,Estimated from text
2026-01-08T20:48:36.895067,4758,B,3264,545,3809,Qwen3-Next-80B-A3B-Instruct,Estimated from text
2026-01-08T20:48:53.701517,4759,S,1845,2836,4681,Qwen3-Next-80B-A3B-Instruct,Estimated from text
2026-01-08T20:49:00.936155,4759,A,6711,934,7645,Qwen3-Next-80B-A3B-Instruct,Estimated from text
2026-01-08T20:49:06.461145,4759,B,3549,684,4233,Qwen3-Next-80B-A3B-Instruct,Estimated from text
2026-01-08T20:49:15.914944,4760,S,1845,1521,3366,Qwen3-Next-80B-A3B-Instruct,Estimated from text
2026-01-08T20:49:23.048770,4760,A,5377,892,6269,Qwen3-Next-80B-A3B-Instruct,Estimated from text
2026-01-08T20:49:27.376153,4760,B,3503,591,4094,Qwen3-Next-80B-A3B-Instruct,Estimated from text
2026-01-08T20:49:37.769964,4762,S,1845,1461,3306,Qwen3-Next-80B-A3B-Instruct,Estimated from text
2026-01-08T20:49:41.888774,4762,A,5323,551,5874,Qwen3-Next-80B-A3B-Instruct,Estimated from text
2026-01-08T20:49:45.406458,4762,B,3167,459,3626,Qwen3-Next-80B-A3B-Instruct,Estimated from text
2026-01-08T20:49:55.169562,4763,S,1845,1898,3743,Qwen3-Next-80B-A3B-Instruct,Estimated from text
2026-01-08T20:49:59.991621,4763,A,5757,813,6570,Qwen3-Next-80B-A3B-Instruct,Estimated from text
2026-01-08T20:50:05.113341,4763,B,3425,708,4133,Qwen3-Next-80B-A3B-Instruct,Estimated from text
2026-01-08T20:50:16.787996,4764,S,1845,1742,3587,Qwen3-Next-80B-A3B-Instruct,Estimated from text
2026-01-08T20:50:21.813673,4764,A,5601,763,6364,Qwen3-Next-80B-A3B-Instruct,Estimated from text
2026-01-08T20:50:25.630051,4764,B,3375,560,3935,Qwen3-Next-80B-A3B-Instruct,Estimated from text
2026-01-08T20:50:34.487154,4765,S,1845,1745,3590,Qwen3-Next-80B-A3B-Instruct,Estimated from text
2026-01-08T20:50:39.010745,4765,A,5604,791,6395,Qwen3-Next-80B-A3B-Instruct,Estimated from text
2026-01-08T20:50:41.627912,4765,B,3403,402,3805,Qwen3-Next-80B-A3B-Instruct,Estimated from text
2026-01-08T20:50:52.795377,4766,S,1845,2192,4037,Qwen3-Next-80B-A3B-Instruct,Estimated from text
2026-01-08T20:50:58.720384,4766,A,6057,1043,7100,Qwen3-Next-80B-A3B-Instruct,Estimated from text
2026-01-08T20:51:02.035619,4766,B,3655,509,4164,Qwen3-Next-80B-A3B-Instruct,Estimated from text
2026-01-08T20:51:11.801047,4767,S,1845,1656,3501,Qwen3-Next-80B-A3B-Instruct,Estimated from text
2026-01-08T20:51:15.618018,4767,A,5514,672,6186,Qwen3-Next-80B-A3B-Instruct,Estimated from text
2026-01-08T20:51:18.938337,4767,B,3284,493,3777,Qwen3-Next-80B-A3B-Instruct,Estimated from text
2026-01-08T20:51:35.323339,4770,S,1845,2643,4488,Qwen3-Next-80B-A3B-Instruct,Estimated from text
2026-01-08T20:51:38.439741,4770,A,6511,468,6979,Qwen3-Next-80B-A3B-Instruct,Estimated from text
2026-01-08T20:51:41.555799,4770,B,3085,414,3499,Qwen3-Next-80B-A3B-Instruct,Estimated from text
2026-01-08T20:51:56.733745,4771,S,1845,2573,4418,Qwen3-Next-80B-A3B-Instruct,Estimated from text
2026-01-08T20:52:00.953725,4771,A,6442,723,7165,Qwen3-Next-80B-A3B-Instruct,Estimated from text
2026-01-08T20:52:04.821421,4771,B,3337,584,3921,Qwen3-Next-80B-A3B-Instruct,Estimated from text
2026-01-08T20:52:14.789592,4772,S,1845,1878,3723,Qwen3-Next-80B-A3B-Instruct,Estimated from text
2026-01-08T20:52:20.419737,4772,A,5739,829,6568,Qwen3-Next-80B-A3B-Instruct,Estimated from text
2026-01-08T20:52:23.634814,4772,B,3443,441,3884,Qwen3-Next-80B-A3B-Instruct,Estimated from text
2026-01-08T20:52:34.567903,4773,S,1845,1725,3570,Qwen3-Next-80B-A3B-Instruct,Estimated from text
2026-01-08T20:52:39.845104,4773,A,5584,717,6301,Qwen3-Next-80B-A3B-Instruct,Estimated from text
2026-01-08T20:52:43.784094,4773,B,3330,579,3909,Qwen3-Next-80B-A3B-Instruct,Estimated from text
2026-01-08T20:52:52.590339,4774,S,1845,1437,3282,Qwen3-Next-80B-A3B-Instruct,Estimated from text
2026-01-08T20:52:56.708543,4774,A,5296,670,5966,Qwen3-Next-80B-A3B-Instruct,Estimated from text
2026-01-08T20:53:04.142240,4774,B,3284,483,3767,Qwen3-Next-80B-A3B-Instruct,Estimated from text
2026-01-08T20:53:31.492149,4775,S,1845,1831,3676,Qwen3-Next-80B-A3B-Instruct,Estimated from text
2026-01-08T20:53:43.344467,4775,A,5692,864,6556,Qwen3-Next-80B-A3B-Instruct,Estimated from text
2026-01-08T20:53:50.076431,4775,B,3477,551,4028,Qwen3-Next-80B-A3B-Instruct,Estimated from text
2026-01-08T20:54:04.773002,4776,S,1845,2203,4048,Qwen3-Next-80B-A3B-Instruct,Estimated from text
2026-01-08T20:54:10.095690,4776,A,6068,765,6833,Qwen3-Next-80B-A3B-Instruct,Estimated from text
2026-01-08T20:54:13.308509,4776,B,3379,432,3811,Qwen3-Next-80B-A3B-Instruct,Estimated from text
2026-01-08T20:54:28.702902,4777,S,1845,2354,4199,Qwen3-Next-80B-A3B-Instruct,Estimated from text
2026-01-08T20:54:34.930755,4777,A,6222,966,7188,Qwen3-Next-80B-A3B-Instruct,Estimated from text
2026-01-08T20:54:38.749831,4777,B,3579,544,4123,Qwen3-Next-80B-A3B-Instruct,Estimated from text
2026-01-08T20:54:55.246234,4778,S,1845,2143,3988,Qwen3-Next-80B-A3B-Instruct,Estimated from text
2026-01-08T20:55:00.368603,4778,A,6006,810,6816,Qwen3-Next-80B-A3B-Instruct,Estimated from text
2026-01-08T20:55:04.388606,4778,B,3423,522,3945,Qwen3-Next-80B-A3B-Instruct,Estimated from text
2026-01-08T20:55:16.384217,4780,S,1845,1617,3462,Qwen3-Next-80B-A3B-Instruct,Estimated from text
2026-01-08T20:55:23.216747,4780,A,5480,742,6222,Qwen3-Next-80B-A3B-Instruct,Estimated from text
2026-01-08T20:55:27.234535,4780,B,3356,480,3836,Qwen3-Next-80B-A3B-Instruct,Estimated from text
2026-01-08T20:55:48.353856,4781,S,1845,2487,4332,Qwen3-Next-80B-A3B-Instruct,Estimated from text
2026-01-08T20:55:53.478337,4781,A,6357,622,6979,Qwen3-Next-80B-A3B-Instruct,Estimated from text
2026-01-08T20:55:57.098858,4781,B,3236,447,3683,Qwen3-Next-80B-A3B-Instruct,Estimated from text
2026-01-08T20:56:08.809861,4783,S,1845,1738,3583,Qwen3-Next-80B-A3B-Instruct,Estimated from text
2026-01-08T20:56:14.337627,4783,A,5607,649,6256,Qwen3-Next-80B-A3B-Instruct,Estimated from text
2026-01-08T20:56:18.657474,4783,B,3270,426,3696,Qwen3-Next-80B-A3B-Instruct,Estimated from text
2026-01-08T20:56:33.256179,4784,S,1845,1634,3479,Qwen3-Next-80B-A3B-Instruct,Estimated from text
2026-01-08T20:56:41.791035,4784,A,5500,754,6254,Qwen3-Next-80B-A3B-Instruct,Estimated from text
2026-01-08T20:56:46.013323,4784,B,3374,385,3759,Qwen3-Next-80B-A3B-Instruct,Estimated from text
2026-01-08T20:57:08.930163,4785,S,1845,1893,3738,Qwen3-Next-80B-A3B-Instruct,Estimated from text
2026-01-08T20:57:18.669472,4785,A,5762,916,6678,Qwen3-Next-80B-A3B-Instruct,Estimated from text
2026-01-08T20:57:24.097178,4785,B,3536,514,4050,Qwen3-Next-80B-A3B-Instruct,Estimated from text
2026-01-08T20:57:42.826884,4787,S,1845,2357,4202,Qwen3-Next-80B-A3B-Instruct,Estimated from text
2026-01-08T20:57:48.755531,4787,A,6240,696,6936,Qwen3-Next-80B-A3B-Instruct,Estimated from text
2026-01-08T20:58:36.784856,4788,S,1845,1872,3717,Qwen3-Next-80B-A3B-Instruct,Estimated from text
2026-01-08T20:58:40.504358,4788,A,5746,582,6328,Qwen3-Next-80B-A3B-Instruct,Estimated from text
2026-01-08T20:58:43.316868,4788,B,3208,450,3658,Qwen3-Next-80B-A3B-Instruct,Estimated from text
2026-01-08T20:58:54.990222,4789,S,1845,1845,3690,Qwen3-Next-80B-A3B-Instruct,Estimated from text
2026-01-08T20:58:59.409207,4789,A,5721,694,6415,Qwen3-Next-80B-A3B-Instruct,Estimated from text
2026-01-08T20:59:02.425517,4789,B,3321,471,3792,Qwen3-Next-80B-A3B-Instruct,Estimated from text
2026-01-08T20:59:13.811137,4790,S,1845,1786,3631,Qwen3-Next-80B-A3B-Instruct,Estimated from text
2026-01-08T20:59:18.935637,4790,A,5662,777,6439,Qwen3-Next-80B-A3B-Instruct,Estimated from text
2026-01-08T20:59:22.353251,4790,B,3404,573,3977,Qwen3-Next-80B-A3B-Instruct,Estimated from text
2026-01-08T20:59:32.822596,4791,S,1845,1678,3523,Qwen3-Next-80B-A3B-Instruct,Estimated from text
2026-01-08T20:59:40.355399,4791,A,5553,1176,6729,Qwen3-Next-80B-A3B-Instruct,Estimated from text
2026-01-08T20:59:44.977299,4791,B,3802,675,4477,Qwen3-Next-80B-A3B-Instruct,Estimated from text
2026-01-08T20:59:55.541965,4792,S,1845,1659,3504,Qwen3-Next-80B-A3B-Instruct,Estimated from text
2026-01-08T21:00:01.165964,4792,A,5525,831,6356,Qwen3-Next-80B-A3B-Instruct,Estimated from text
2026-01-08T21:00:05.385082,4792,B,3453,614,4067,Qwen3-Next-80B-A3B-Instruct,Estimated from text
2026-01-08T21:00:18.767425,4793,S,1845,2157,4002,Qwen3-Next-80B-A3B-Instruct,Estimated from text
2026-01-08T21:00:23.691308,4793,A,6030,754,6784,Qwen3-Next-80B-A3B-Instruct,Estimated from text
2026-01-08T21:00:27.609258,4793,B,3375,636,4011,Qwen3-Next-80B-A3B-Instruct,Estimated from text
2026-01-08T21:00:37.476534,4794,S,1845,1421,3266,Qwen3-Next-80B-A3B-Instruct,Estimated from text
2026-01-08T21:00:42.798513,4794,A,5287,858,6145,Qwen3-Next-80B-A3B-Instruct,Estimated from text
2026-01-08T21:00:46.515328,4794,B,3479,537,4016,Qwen3-Next-80B-A3B-Instruct,Estimated from text
2026-01-08T21:00:58.776696,4795,S,1845,1981,3826,Qwen3-Next-80B-A3B-Instruct,Estimated from text
2026-01-08T21:01:03.596000,4795,A,5851,736,6587,Qwen3-Next-80B-A3B-Instruct,Estimated from text
2026-01-08T21:01:07.714373,4795,B,3357,501,3858,Qwen3-Next-80B-A3B-Instruct,Estimated from text
2026-01-08T21:01:18.941640,4796,S,1845,1746,3591,Qwen3-Next-80B-A3B-Instruct,Estimated from text
2026-01-08T21:01:23.564057,4796,A,5615,704,6319,Qwen3-Next-80B-A3B-Instruct,Estimated from text
2026-01-08T21:01:27.584391,4796,B,3325,539,3864,Qwen3-Next-80B-A3B-Instruct,Estimated from text
2026-01-08T21:01:38.644818,4797,S,1845,1735,3580,Qwen3-Next-80B-A3B-Instruct,Estimated from text
2026-01-08T21:01:42.964046,4797,A,5608,636,6244,Qwen3-Next-80B-A3B-Instruct,Estimated from text
2026-01-08T21:01:46.682837,4797,B,3262,552,3814,Qwen3-Next-80B-A3B-Instruct,Estimated from text
2026-01-08T21:01:56.372064,4799,S,1845,1696,3541,Qwen3-Next-80B-A3B-Instruct,Estimated from text
2026-01-08T21:02:00.288569,4799,A,5571,586,6157,Qwen3-Next-80B-A3B-Instruct,Estimated from text
2026-01-08T21:02:03.805224,4799,B,3216,474,3690,Qwen3-Next-80B-A3B-Instruct,Estimated from text
2026-01-08T21:02:16.776263,4800,S,1845,2115,3960,Qwen3-Next-80B-A3B-Instruct,Estimated from text
2026-01-08T21:02:22.100400,4800,A,5992,783,6775,Qwen3-Next-80B-A3B-Instruct,Estimated from text
2026-01-08T21:02:26.119377,4800,B,3408,565,3973,Qwen3-Next-80B-A3B-Instruct,Estimated from text
2026-01-08T21:02:40.986495,4801,S,1845,2319,4164,Qwen3-Next-80B-A3B-Instruct,Estimated from text
2026-01-08T21:02:46.313552,4801,A,6195,912,7107,Qwen3-Next-80B-A3B-Instruct,Estimated from text
2026-01-08T21:02:49.475283,4801,B,3537,476,4013,Qwen3-Next-80B-A3B-Instruct,Estimated from text
2026-01-08T21:03:02.868746,4802,S,1845,2210,4055,Qwen3-Next-80B-A3B-Instruct,Estimated from text
2026-01-08T21:03:07.688437,4802,A,6088,710,6798,Qwen3-Next-80B-A3B-Instruct,Estimated from text
2026-01-08T21:03:11.606968,4802,B,3336,487,3823,Qwen3-Next-80B-A3B-Instruct,Estimated from text
2026-01-08T21:03:23.210057,4804,S,1845,1866,3711,Qwen3-Next-80B-A3B-Instruct,Estimated from text
2026-01-08T21:03:28.230644,4804,A,5745,759,6504,Qwen3-Next-80B-A3B-Instruct,Estimated from text
2026-01-08T21:03:31.444630,4804,B,3390,497,3887,Qwen3-Next-80B-A3B-Instruct,Estimated from text
2026-01-08T21:03:43.045051,4805,S,1845,1902,3747,Qwen3-Next-80B-A3B-Instruct,Estimated from text
2026-01-08T21:03:47.566834,4805,A,5781,717,6498,Qwen3-Next-80B-A3B-Instruct,Estimated from text
2026-01-08T21:03:51.488347,4805,B,3348,554,3902,Qwen3-Next-80B-A3B-Instruct,Estimated from text
2026-01-08T21:04:03.364054,4806,S,1845,1927,3772,Qwen3-Next-80B-A3B-Instruct,Estimated from text
2026-01-08T21:04:08.291160,4806,A,5802,761,6563,Qwen3-Next-80B-A3B-Instruct,Estimated from text
2026-01-08T21:04:12.610199,4806,B,3387,542,3929,Qwen3-Next-80B-A3B-Instruct,Estimated from text
2026-01-08T21:04:26.498620,4807,S,1845,2246,4091,Qwen3-Next-80B-A3B-Instruct,Estimated from text
2026-01-08T21:04:31.841910,4807,A,6121,729,6850,Qwen3-Next-80B-A3B-Instruct,Estimated from text
2026-01-08T21:04:35.569026,4807,B,3354,510,3864,Qwen3-Next-80B-A3B-Instruct,Estimated from text
2026-01-08T21:19:49.481475,4808,S,1845,1931,3776,Qwen3-Next-80B-A3B-Instruct,Estimated from text
2026-01-08T21:19:54.406251,4808,A,5809,745,6554,Qwen3-Next-80B-A3B-Instruct,Estimated from text
2026-01-08T21:19:57.422757,4808,B,3371,422,3793,Qwen3-Next-80B-A3B-Instruct,Estimated from text
2026-01-08T21:20:11.524492,4809,S,1845,2255,4100,Qwen3-Next-80B-A3B-Instruct,Estimated from text
2026-01-08T21:20:16.345195,4809,A,6133,753,6886,Qwen3-Next-80B-A3B-Instruct,Estimated from text
2026-01-08T21:20:20.462734,4809,B,3378,619,3997,Qwen3-Next-80B-A3B-Instruct,Estimated from text
2026-01-08T21:20:32.320376,4810,S,1845,1819,3664,Qwen3-Next-80B-A3B-Instruct,Estimated from text
2026-01-08T21:20:37.543570,4810,A,5691,825,6516,Qwen3-Next-80B-A3B-Instruct,Estimated from text
2026-01-08T21:20:41.161335,4810,B,3450,508,3958,Qwen3-Next-80B-A3B-Instruct,Estimated from text
2026-01-08T21:20:51.841538,4811,S,1845,1575,3420,Qwen3-Next-80B-A3B-Instruct,Estimated from text
2026-01-08T21:20:57.067255,4811,A,5445,826,6271,Qwen3-Next-80B-A3B-Instruct,Estimated from text
2026-01-08T21:21:01.085256,4811,B,3450,512,3962,Qwen3-Next-80B-A3B-Instruct,Estimated from text
2026-01-08T21:21:13.480156,4813,S,1845,2047,3892,Qwen3-Next-80B-A3B-Instruct,Estimated from text
2026-01-08T21:21:17.898174,4813,A,5920,665,6585,Qwen3-Next-80B-A3B-Instruct,Estimated from text
2026-01-08T21:21:20.813839,4813,B,3291,491,3782,Qwen3-Next-80B-A3B-Instruct,Estimated from text
2026-01-08T21:21:32.424409,4815,S,1845,1815,3660,Qwen3-Next-80B-A3B-Instruct,Estimated from text
2026-01-08T21:21:38.249244,4815,A,5692,858,6550,Qwen3-Next-80B-A3B-Instruct,Estimated from text
2026-01-08T21:21:41.969261,4815,B,3487,519,4006,Qwen3-Next-80B-A3B-Instruct,Estimated from text
2026-01-08T21:21:54.643997,4816,S,1845,1995,3840,Qwen3-Next-80B-A3B-Instruct,Estimated from text
2026-01-08T21:22:00.069477,4816,A,5878,816,6694,Qwen3-Next-80B-A3B-Instruct,Estimated from text
2026-01-08T21:22:03.485510,4816,B,3445,489,3934,Qwen3-Next-80B-A3B-Instruct,Estimated from text
2026-01-08T21:22:15.164132,4817,S,1845,1870,3715,Qwen3-Next-80B-A3B-Instruct,Estimated from text
2026-01-08T21:22:19.487067,4817,A,5746,708,6454,Qwen3-Next-80B-A3B-Instruct,Estimated from text
2026-01-08T21:22:22.600757,4817,B,3337,497,3834,Qwen3-Next-80B-A3B-Instruct,Estimated from text
2026-01-08T21:22:32.463468,4818,S,1845,1537,3382,Qwen3-Next-80B-A3B-Instruct,Estimated from text
2026-01-08T21:22:37.787645,4818,A,5412,827,6239,Qwen3-Next-80B-A3B-Instruct,Estimated from text
2026-01-08T21:22:41.505254,4818,B,3456,523,3979,Qwen3-Next-80B-A3B-Instruct,Estimated from text
2026-01-08T21:22:53.511586,4820,S,1845,1804,3649,Qwen3-Next-80B-A3B-Instruct,Estimated from text
2026-01-08T21:22:59.336010,4820,A,5676,846,6522,Qwen3-Next-80B-A3B-Instruct,Estimated from text
2026-01-08T21:23:02.853517,4820,B,3472,574,4046,Qwen3-Next-80B-A3B-Instruct,Estimated from text
2026-01-08T21:23:22.074689,4822,S,1845,2781,4626,Qwen3-Next-80B-A3B-Instruct,Estimated from text
2026-01-08T21:23:26.595417,4822,A,6665,617,7282,Qwen3-Next-80B-A3B-Instruct,Estimated from text
2026-01-08T21:23:30.215577,4822,B,3245,470,3715,Qwen3-Next-80B-A3B-Instruct,Estimated from text
2026-01-08T21:23:41.285055,4823,S,1845,1597,3442,Qwen3-Next-80B-A3B-Instruct,Estimated from text
2026-01-08T21:23:45.201192,4823,A,5466,551,6017,Qwen3-Next-80B-A3B-Instruct,Estimated from text
2026-01-08T21:23:49.120931,4823,B,3175,536,3711,Qwen3-Next-80B-A3B-Instruct,Estimated from text
2026-01-08T21:23:58.587298,4824,S,1845,1448,3293,Qwen3-Next-80B-A3B-Instruct,Estimated from text
2026-01-08T21:24:03.508581,4824,A,5316,833,6149,Qwen3-Next-80B-A3B-Instruct,Estimated from text
2026-01-08T21:24:06.625470,4824,B,3457,418,3875,Qwen3-Next-80B-A3B-Instruct,Estimated from text
2026-01-08T21:24:22.828733,4825,S,1845,2359,4204,Qwen3-Next-80B-A3B-Instruct,Estimated from text
2026-01-08T21:24:29.255623,4825,A,6233,816,7049,Qwen3-Next-80B-A3B-Instruct,Estimated from text
2026-01-08T21:24:33.075228,4825,B,3440,475,3915,Qwen3-Next-80B-A3B-Instruct,Estimated from text
2026-01-08T21:24:48.865018,4826,S,1845,2724,4569,Qwen3-Next-80B-A3B-Instruct,Estimated from text
2026-01-08T21:24:53.685309,4826,A,6606,666,7272,Qwen3-Next-80B-A3B-Instruct,Estimated from text
2026-01-08T21:24:57.206027,4826,B,3291,454,3745,Qwen3-Next-80B-A3B-Instruct,Estimated from text
2026-01-08T21:25:09.092790,4828,S,1845,1968,3813,Qwen3-Next-80B-A3B-Instruct,Estimated from text
2026-01-08T21:25:14.718250,4828,A,5842,960,6802,Qwen3-Next-80B-A3B-Instruct,Estimated from text
2026-01-08T21:25:18.335618,4828,B,3587,524,4111,Qwen3-Next-80B-A3B-Instruct,Estimated from text
2026-01-08T21:25:30.605380,4829,S,1845,1812,3657,Qwen3-Next-80B-A3B-Instruct,Estimated from text
2026-01-08T21:25:35.025563,4829,A,5685,666,6351,Qwen3-Next-80B-A3B-Instruct,Estimated from text
2026-01-08T21:25:39.045512,4829,B,3293,552,3845,Qwen3-Next-80B-A3B-Instruct,Estimated from text
2026-01-08T21:25:50.323503,4830,S,1845,1683,3528,Qwen3-Next-80B-A3B-Instruct,Estimated from text
2026-01-08T21:25:56.448371,4830,A,5556,891,6447,Qwen3-Next-80B-A3B-Instruct,Estimated from text
2026-01-08T21:26:00.468496,4830,B,3514,568,4082,Qwen3-Next-80B-A3B-Instruct,Estimated from text
2026-01-08T21:26:15.961839,4831,S,1845,2412,4257,Qwen3-Next-80B-A3B-Instruct,Estimated from text
2026-01-08T21:26:20.986854,4831,A,6290,761,7051,Qwen3-Next-80B-A3B-Instruct,Estimated from text
2026-01-08T21:26:24.508630,4831,B,3384,444,3828,Qwen3-Next-80B-A3B-Instruct,Estimated from text
2026-01-08T21:26:36.892492,4832,S,1845,1859,3704,Qwen3-Next-80B-A3B-Instruct,Estimated from text
2026-01-08T21:26:40.814561,4832,A,5728,522,6250,Qwen3-Next-80B-A3B-Instruct,Estimated from text
2026-01-08T21:26:44.837425,4832,B,3145,513,3658,Qwen3-Next-80B-A3B-Instruct,Estimated from text
2026-01-08T21:26:58.476919,4834,S,1845,1970,3815,Qwen3-Next-80B-A3B-Instruct,Estimated from text
2026-01-08T21:27:05.205476,4834,A,5845,967,6812,Qwen3-Next-80B-A3B-Instruct,Estimated from text
2026-01-08T21:27:09.231918,4834,B,3590,722,4312,Qwen3-Next-80B-A3B-Instruct,Estimated from text
2026-01-08T21:27:21.233027,4836,S,1845,1671,3516,Qwen3-Next-80B-A3B-Instruct,Estimated from text
2026-01-08T21:27:26.054898,4836,A,5545,726,6271,Qwen3-Next-80B-A3B-Instruct,Estimated from text
2026-01-08T21:27:29.572181,4836,B,3351,406,3757,Qwen3-Next-80B-A3B-Instruct,Estimated from text
2026-01-08T21:27:42.563815,4837,S,1845,2010,3855,Qwen3-Next-80B-A3B-Instruct,Estimated from text
2026-01-08T21:27:48.895512,4837,A,5878,888,6766,Qwen3-Next-80B-A3B-Instruct,Estimated from text
2026-01-08T21:27:52.612231,4837,B,3504,464,3968,Qwen3-Next-80B-A3B-Instruct,Estimated from text
2026-01-08T21:28:03.794769,4838,S,1845,1641,3486,Qwen3-Next-80B-A3B-Instruct,Estimated from text
2026-01-08T21:28:09.321501,4838,A,5505,894,6399,Qwen3-Next-80B-A3B-Instruct,Estimated from text
2026-01-08T21:28:13.440579,4838,B,3511,587,4098,Qwen3-Next-80B-A3B-Instruct,Estimated from text
2026-01-08T21:28:25.228188,4839,S,1845,1676,3521,Qwen3-Next-80B-A3B-Instruct,Estimated from text
2026-01-08T21:28:30.955213,4839,A,5539,853,6392,Qwen3-Next-80B-A3B-Instruct,Estimated from text
2026-01-08T21:28:34.577289,4839,B,3470,499,3969,Qwen3-Next-80B-A3B-Instruct,Estimated from text
2026-01-08T21:28:47.197101,4841,S,1845,1820,3665,Qwen3-Next-80B-A3B-Instruct,Estimated from text
2026-01-08T21:28:52.019792,4841,A,5694,725,6419,Qwen3-Next-80B-A3B-Instruct,Estimated from text
2026-01-08T21:28:55.739190,4841,B,3350,498,3848,Qwen3-Next-80B-A3B-Instruct,Estimated from text
2026-01-08T21:29:09.023944,4842,S,1845,1803,3648,Qwen3-Next-80B-A3B-Instruct,Estimated from text
2026-01-08T21:29:13.847598,4842,A,5680,693,6373,Qwen3-Next-80B-A3B-Instruct,Estimated from text
2026-01-08T21:29:17.262454,4842,B,3318,525,3843,Qwen3-Next-80B-A3B-Instruct,Estimated from text
2026-01-08T21:29:29.248037,4843,S,1845,1813,3658,Qwen3-Next-80B-A3B-Instruct,Estimated from text
2026-01-08T21:29:33.868719,4843,A,5687,626,6313,Qwen3-Next-80B-A3B-Instruct,Estimated from text
2026-01-08T21:29:37.789397,4843,B,3251,587,3838,Qwen3-Next-80B-A3B-Instruct,Estimated from text
2026-01-08T21:29:49.653680,4844,S,1845,1725,3570,Qwen3-Next-80B-A3B-Instruct,Estimated from text
2026-01-08T21:29:54.475947,4844,A,5600,661,6261,Qwen3-Next-80B-A3B-Instruct,Estimated from text
2026-01-08T21:29:58.293259,4844,B,3286,539,3825,Qwen3-Next-80B-A3B-Instruct,Estimated from text
2026-01-08T21:30:11.266413,4845,S,1845,1877,3722,Qwen3-Next-80B-A3B-Instruct,Estimated from text
2026-01-08T21:30:16.190892,4845,A,5752,670,6422,Qwen3-Next-80B-A3B-Instruct,Estimated from text
2026-01-08T21:31:05.408938,4846,S,1845,1894,3739,Qwen3-Next-80B-A3B-Instruct,Estimated from text
2026-01-08T21:31:10.635807,4846,A,5770,779,6549,Qwen3-Next-80B-A3B-Instruct,Estimated from text
2026-01-08T21:31:14.156286,4846,B,3404,480,3884,Qwen3-Next-80B-A3B-Instruct,Estimated from text
2026-01-08T21:31:25.431976,4847,S,1845,1666,3511,Qwen3-Next-80B-A3B-Instruct,Estimated from text
2026-01-08T21:31:29.752290,4847,A,5538,611,6149,Qwen3-Next-80B-A3B-Instruct,Estimated from text
2026-01-08T21:31:33.771908,4847,B,3236,611,3847,Qwen3-Next-80B-A3B-Instruct,Estimated from text
2026-01-08T21:31:46.538961,4848,S,1845,1919,3764,Qwen3-Next-80B-A3B-Instruct,Estimated from text
2026-01-08T21:31:51.662144,4848,A,5793,681,6474,Qwen3-Next-80B-A3B-Instruct,Estimated from text
2026-01-08T21:31:55.583746,4848,B,3306,495,3801,Qwen3-Next-80B-A3B-Instruct,Estimated from text
2026-01-08T21:32:07.958420,4849,S,1845,1773,3618,Qwen3-Next-80B-A3B-Instruct,Estimated from text
2026-01-08T21:32:13.783316,4849,A,5646,819,6465,Qwen3-Next-80B-A3B-Instruct,Estimated from text
2026-01-08T21:32:17.607114,4849,B,3444,520,3964,Qwen3-Next-80B-A3B-Instruct,Estimated from text
2026-01-08T21:32:31.587418,4850,S,1845,1897,3742,Qwen3-Next-80B-A3B-Instruct,Estimated from text
2026-01-08T21:32:36.412328,4850,A,5772,642,6414,Qwen3-Next-80B-A3B-Instruct,Estimated from text
2026-01-08T21:32:40.430628,4850,B,3267,479,3746,Qwen3-Next-80B-A3B-Instruct,Estimated from text
2026-01-08T21:32:54.823216,4851,S,1845,2223,4068,Qwen3-Next-80B-A3B-Instruct,Estimated from text
2026-01-08T21:33:00.847017,4851,A,6097,912,7009,Qwen3-Next-80B-A3B-Instruct,Estimated from text
2026-01-08T21:33:04.563273,4851,B,3534,528,4062,Qwen3-Next-80B-A3B-Instruct,Estimated from text
2026-01-08T21:33:17.717992,4853,S,1845,1965,3810,Qwen3-Next-80B-A3B-Instruct,Estimated from text
2026-01-08T21:33:23.846895,4853,A,5841,846,6687,Qwen3-Next-80B-A3B-Instruct,Estimated from text
2026-01-08T21:33:27.965328,4853,B,3471,492,3963,Qwen3-Next-80B-A3B-Instruct,Estimated from text
2026-01-08T21:33:41.951392,4854,S,1845,2160,4005,Qwen3-Next-80B-A3B-Instruct,Estimated from text
2026-01-08T21:33:46.973960,4854,A,6027,669,6696,Qwen3-Next-80B-A3B-Instruct,Estimated from text
2026-01-08T21:33:50.896083,4854,B,3285,520,3805,Qwen3-Next-80B-A3B-Instruct,Estimated from text
2026-01-08T21:34:01.911707,4855,S,1845,1583,3428,Qwen3-Next-80B-A3B-Instruct,Estimated from text
2026-01-08T21:34:07.937558,4855,A,5446,800,6246,Qwen3-Next-80B-A3B-Instruct,Estimated from text
2026-01-08T21:34:12.257987,4855,B,3417,515,3932,Qwen3-Next-80B-A3B-Instruct,Estimated from text
2026-01-08T21:34:27.129537,4856,S,1845,2211,4056,Qwen3-Next-80B-A3B-Instruct,Estimated from text
2026-01-08T21:34:33.362822,4856,A,6087,789,6876,Qwen3-Next-80B-A3B-Instruct,Estimated from text
2026-01-08T21:34:36.677994,4856,B,3405,412,3817,Qwen3-Next-80B-A3B-Instruct,Estimated from text
2026-01-08T21:34:49.622920,4858,S,1845,1854,3699,Qwen3-Next-80B-A3B-Instruct,Estimated from text
2026-01-08T21:34:56.050402,4858,A,5728,890,6618,Qwen3-Next-80B-A3B-Instruct,Estimated from text
2026-01-08T21:34:59.668088,4858,B,3515,483,3998,Qwen3-Next-80B-A3B-Instruct,Estimated from text
2026-01-08T21:35:15.345402,4859,S,1845,2409,4254,Qwen3-Next-80B-A3B-Instruct,Estimated from text
2026-01-08T21:35:20.266225,4859,A,6287,707,6994,Qwen3-Next-80B-A3B-Instruct,Estimated from text
2026-01-08T21:35:23.683808,4859,B,3332,422,3754,Qwen3-Next-80B-A3B-Instruct,Estimated from text
2026-01-08T21:35:41.161201,4860,S,1845,2832,4677,Qwen3-Next-80B-A3B-Instruct,Estimated from text
2026-01-08T21:35:46.282543,4860,A,6711,734,7445,Qwen3-Next-80B-A3B-Instruct,Estimated from text
2026-01-08T21:35:49.796592,4860,B,3351,537,3888,Qwen3-Next-80B-A3B-Instruct,Estimated from text
2026-01-08T21:36:01.575708,4861,S,1845,1638,3483,Qwen3-Next-80B-A3B-Instruct,Estimated from text
2026-01-08T21:36:07.299990,4861,A,5505,988,6493,Qwen3-Next-80B-A3B-Instruct,Estimated from text
2026-01-08T21:36:11.317172,4861,B,3606,682,4288,Qwen3-Next-80B-A3B-Instruct,Estimated from text
2026-01-08T21:36:24.609441,4863,S,1845,1740,3585,Qwen3-Next-80B-A3B-Instruct,Estimated from text
2026-01-08T21:36:29.431497,4863,A,5609,684,6293,Qwen3-Next-80B-A3B-Instruct,Estimated from text
2026-01-08T21:36:33.753478,4863,B,3302,606,3908,Qwen3-Next-80B-A3B-Instruct,Estimated from text
2026-01-08T21:36:45.035904,4864,S,1845,1641,3486,Qwen3-Next-80B-A3B-Instruct,Estimated from text
2026-01-08T21:36:50.600814,4864,A,5508,702,6210,Qwen3-Next-80B-A3B-Instruct,Estimated from text
2026-01-08T21:36:54.252362,4864,B,3319,425,3744,Qwen3-Next-80B-A3B-Instruct,Estimated from text
2026-01-08T21:37:07.319877,4865,S,1845,1855,3700,Qwen3-Next-80B-A3B-Instruct,Estimated from text
2026-01-08T21:37:12.644950,4865,A,5719,829,6548,Qwen3-Next-80B-A3B-Instruct,Estimated from text
2026-01-08T21:37:16.163739,4865,B,3443,512,3955,Qwen3-Next-80B-A3B-Instruct,Estimated from text
2026-01-08T21:37:27.408881,4867,S,1845,1670,3515,Qwen3-Next-80B-A3B-Instruct,Estimated from text
2026-01-08T21:37:32.931837,4867,A,5532,711,6243,Qwen3-Next-80B-A3B-Instruct,Estimated from text
2026-01-08T21:37:37.151354,4867,B,3327,555,3882,Qwen3-Next-80B-A3B-Instruct,Estimated from text
2026-01-08T21:37:51.340625,4868,S,1845,1888,3733,Qwen3-Next-80B-A3B-Instruct,Estimated from text
2026-01-08T21:37:56.266111,4868,A,5756,728,6484,Qwen3-Next-80B-A3B-Instruct,Estimated from text
2026-01-08T21:37:59.493524,4868,B,3344,387,3731,Qwen3-Next-80B-A3B-Instruct,Estimated from text
2026-01-08T21:38:11.459350,4869,S,1845,1595,3440,Qwen3-Next-80B-A3B-Instruct,Estimated from text
2026-01-08T21:38:17.485151,4869,A,5460,786,6246,Qwen3-Next-80B-A3B-Instruct,Estimated from text
2026-01-08T21:38:22.106675,4869,B,3402,534,3936,Qwen3-Next-80B-A3B-Instruct,Estimated from text
2026-01-08T21:38:36.230726,4872,S,1845,2235,4080,Qwen3-Next-80B-A3B-Instruct,Estimated from text
2026-01-08T21:38:41.057384,4872,A,6106,683,6789,Qwen3-Next-80B-A3B-Instruct,Estimated from text
2026-01-08T21:38:45.275151,4872,B,3302,544,3846,Qwen3-Next-80B-A3B-Instruct,Estimated from text
2026-01-08T21:38:58.953898,4873,S,1845,2172,4017,Qwen3-Next-80B-A3B-Instruct,Estimated from text
2026-01-08T21:39:04.375262,4873,A,6034,806,6840,Qwen3-Next-80B-A3B-Instruct,Estimated from text
2026-01-08T21:39:07.891337,4873,B,3420,434,3854,Qwen3-Next-80B-A3B-Instruct,Estimated from text
2026-01-08T21:39:20.473869,4874,S,1845,2076,3921,Qwen3-Next-80B-A3B-Instruct,Estimated from text
2026-01-08T21:39:25.108522,4874,A,5939,547,6486,Qwen3-Next-80B-A3B-Instruct,Estimated from text
2026-01-08T21:39:29.043812,4874,B,3161,382,3543,Qwen3-Next-80B-A3B-Instruct,Estimated from text
2026-01-08T21:39:40.756643,4876,S,1845,1756,3601,Qwen3-Next-80B-A3B-Instruct,Estimated from text
2026-01-08T21:39:45.277264,4876,A,5623,647,6270,Qwen3-Next-80B-A3B-Instruct,Estimated from text
2026-01-08T21:39:48.694711,4876,B,3267,481,3748,Qwen3-Next-80B-A3B-Instruct,Estimated from text
2026-01-08T21:39:59.653760,4877,S,1845,1561,3406,Qwen3-Next-80B-A3B-Instruct,Estimated from text
2026-01-08T21:40:05.177098,4877,A,5427,699,6126,Qwen3-Next-80B-A3B-Instruct,Estimated from text
2026-01-08T21:40:09.295623,4877,B,3320,616,3936,Qwen3-Next-80B-A3B-Instruct,Estimated from text
2026-01-08T21:40:21.666200,4878,S,1845,1782,3627,Qwen3-Next-80B-A3B-Instruct,Estimated from text
2026-01-08T21:40:27.492553,4878,A,5651,765,6416,Qwen3-Next-80B-A3B-Instruct,Estimated from text
2026-01-08T21:40:31.309008,4878,B,3386,536,3922,Qwen3-Next-80B-A3B-Instruct,Estimated from text
2026-01-08T21:40:45.192436,4879,S,1845,1695,3540,Qwen3-Next-80B-A3B-Instruct,Estimated from text
2026-01-08T21:40:49.813906,4879,A,5565,697,6262,Qwen3-Next-80B-A3B-Instruct,Estimated from text
2026-01-08T21:40:53.731752,4879,B,3318,528,3846,Qwen3-Next-80B-A3B-Instruct,Estimated from text
2026-01-08T21:41:08.618366,4880,S,1845,2164,4009,Qwen3-Next-80B-A3B-Instruct,Estimated from text
2026-01-08T21:41:13.639002,4880,A,6036,705,6741,Qwen3-Next-80B-A3B-Instruct,Estimated from text
2026-01-08T21:41:19.463819,4880,B,3324,799,4123,Qwen3-Next-80B-A3B-Instruct,Estimated from text
2026-01-08T21:41:32.329926,4881,S,1845,1848,3693,Qwen3-Next-80B-A3B-Instruct,Estimated from text
2026-01-08T21:41:43.074243,4881,A,5717,1509,7226,Qwen3-Next-80B-A3B-Instruct,Estimated from text
2026-01-08T21:41:47.293558,4881,B,4129,465,4594,Qwen3-Next-80B-A3B-Instruct,Estimated from text
2026-01-08T21:42:01.372060,4882,S,1845,1821,3666,Qwen3-Next-80B-A3B-Instruct,Estimated from text
2026-01-08T21:42:07.601985,4882,A,5692,813,6505,Qwen3-Next-80B-A3B-Instruct,Estimated from text
2026-01-08T21:42:11.218932,4882,B,3432,466,3898,Qwen3-Next-80B-A3B-Instruct,Estimated from text
2026-01-08T21:42:26.399305,4883,S,1845,2092,3937,Qwen3-Next-80B-A3B-Instruct,Estimated from text
2026-01-08T21:42:33.028973,4883,A,5963,877,6840,Qwen3-Next-80B-A3B-Instruct,Estimated from text
2026-01-08T21:42:37.047888,4883,B,3497,467,3964,Qwen3-Next-80B-A3B-Instruct,Estimated from text
2026-01-08T21:42:48.006734,4884,S,1845,1642,3487,Qwen3-Next-80B-A3B-Instruct,Estimated from text
2026-01-08T21:42:53.581001,4884,A,5508,709,6217,Qwen3-Next-80B-A3B-Instruct,Estimated from text
2026-01-08T21:42:57.497249,4884,B,3329,474,3803,Qwen3-Next-80B-A3B-Instruct,Estimated from text
2026-01-08T21:43:08.219095,4886,S,1845,1805,3650,Qwen3-Next-80B-A3B-Instruct,Estimated from text
2026-01-08T21:43:14.045257,4886,A,5676,1073,6749,Qwen3-Next-80B-A3B-Instruct,Estimated from text
2026-01-08T21:43:18.866800,4886,B,3698,570,4268,Qwen3-Next-80B-A3B-Instruct,Estimated from text
2026-01-08T21:43:29.451764,4887,S,1845,2109,3954,Qwen3-Next-80B-A3B-Instruct,Estimated from text
2026-01-08T21:43:34.875396,4887,A,5982,1058,7040,Qwen3-Next-80B-A3B-Instruct,Estimated from text
2026-01-08T21:43:38.092333,4887,B,3683,502,4185,Qwen3-Next-80B-A3B-Instruct,Estimated from text
2026-01-08T21:43:47.962257,4888,S,1845,1770,3615,Qwen3-Next-80B-A3B-Instruct,Estimated from text
2026-01-08T21:43:52.194016,4888,A,5634,540,6174,Qwen3-Next-80B-A3B-Instruct,Estimated from text
2026-01-08T21:43:55.535868,4888,B,3156,445,3601,Qwen3-Next-80B-A3B-Instruct,Estimated from text
2026-01-08T21:44:06.934428,4889,S,1845,1809,3654,Qwen3-Next-80B-A3B-Instruct,Estimated from text
2026-01-08T21:44:11.610646,4889,A,5672,680,6352,Qwen3-Next-80B-A3B-Instruct,Estimated from text
2026-01-08T21:44:14.858400,4889,B,3297,542,3839,Qwen3-Next-80B-A3B-Instruct,Estimated from text
2026-01-08T21:44:25.171912,4890,S,1845,1947,3792,Qwen3-Next-80B-A3B-Instruct,Estimated from text
2026-01-08T21:44:38.727891,4890,A,5814,844,6658,Qwen3-Next-80B-A3B-Instruct,Estimated from text
2026-01-08T21:44:46.358678,4890,B,3461,348,3809,Qwen3-Next-80B-A3B-Instruct,Estimated from text
2026-01-08T21:45:25.832190,4891,S,1845,1816,3661,Qwen3-Next-80B-A3B-Instruct,Estimated from text
2026-01-08T21:45:37.084472,4891,A,5679,947,6626,Qwen3-Next-80B-A3B-Instruct,Estimated from text
2026-01-08T21:45:42.915644,4891,B,3564,576,4140,Qwen3-Next-80B-A3B-Instruct,Estimated from text
2026-01-08T21:45:56.593996,4892,S,1845,2133,3978,Qwen3-Next-80B-A3B-Instruct,Estimated from text
2026-01-08T21:46:00.009731,4892,A,6000,411,6411,Qwen3-Next-80B-A3B-Instruct,Estimated from text
2026-01-08T21:46:03.828049,4892,B,3027,567,3594,Qwen3-Next-80B-A3B-Instruct,Estimated from text
2026-01-08T21:46:18.308943,4893,S,1845,2497,4342,Qwen3-Next-80B-A3B-Instruct,Estimated from text
2026-01-08T21:46:23.730594,4893,A,6371,805,7176,Qwen3-Next-80B-A3B-Instruct,Estimated from text
2026-01-08T21:46:27.250433,4893,B,3422,535,3957,Qwen3-Next-80B-A3B-Instruct,Estimated from text
2026-01-08T21:46:36.027815,4894,S,1845,1384,3229,Qwen3-Next-80B-A3B-Instruct,Estimated from text
2026-01-08T21:46:41.550651,4894,A,5246,939,6185,Qwen3-Next-80B-A3B-Instruct,Estimated from text
2026-01-08T21:46:44.866422,4894,B,3555,603,4158,Qwen3-Next-80B-A3B-Instruct,Estimated from text
2026-01-08T21:46:56.594422,4896,S,1845,2051,3896,Qwen3-Next-80B-A3B-Instruct,Estimated from text
2026-01-08T21:47:01.314222,4896,A,5919,788,6707,Qwen3-Next-80B-A3B-Instruct,Estimated from text
2026-01-08T21:47:05.331785,4896,B,3407,651,4058,Qwen3-Next-80B-A3B-Instruct,Estimated from text
2026-01-08T21:47:17.291374,4897,S,1845,2060,3905,Qwen3-Next-80B-A3B-Instruct,Estimated from text
2026-01-08T21:47:22.014191,4897,A,5931,768,6699,Qwen3-Next-80B-A3B-Instruct,Estimated from text
2026-01-08T21:47:25.854999,4897,B,3387,588,3975,Qwen3-Next-80B-A3B-Instruct,Estimated from text
2026-01-08T21:47:36.640421,4898,S,1845,1487,3332,Qwen3-Next-80B-A3B-Instruct,Estimated from text
2026-01-08T21:47:41.992598,4898,A,5346,765,6111,Qwen3-Next-80B-A3B-Instruct,Estimated from text
2026-01-08T21:47:45.747181,4898,B,3381,503,3884,Qwen3-Next-80B-A3B-Instruct,Estimated from text
2026-01-08T21:47:59.453132,4899,S,1845,2157,4002,Qwen3-Next-80B-A3B-Instruct,Estimated from text
2026-01-08T21:48:05.439802,4899,A,6024,954,6978,Qwen3-Next-80B-A3B-Instruct,Estimated from text
2026-01-08T21:48:08.828501,4899,B,3569,463,4032,Qwen3-Next-80B-A3B-Instruct,Estimated from text
2026-01-08T21:48:19.326042,4900,S,1845,1677,3522,Qwen3-Next-80B-A3B-Instruct,Estimated from text
2026-01-08T21:48:24.795866,4900,A,5539,710,6249,Qwen3-Next-80B-A3B-Instruct,Estimated from text
2026-01-08T21:48:28.456026,4900,B,3325,526,3851,Qwen3-Next-80B-A3B-Instruct,Estimated from text
2026-01-08T21:48:41.693701,4901,S,1845,1884,3729,Qwen3-Next-80B-A3B-Instruct,Estimated from text
2026-01-08T21:48:45.862780,4901,A,5750,524,6274,Qwen3-Next-80B-A3B-Instruct,Estimated from text
2026-01-08T21:48:48.919053,4901,B,3139,436,3575,Qwen3-Next-80B-A3B-Instruct,Estimated from text
2026-01-08T21:49:00.083595,4902,S,1845,1758,3603,Qwen3-Next-80B-A3B-Instruct,Estimated from text
2026-01-08T21:49:05.346860,4902,A,5621,830,6451,Qwen3-Next-80B-A3B-Instruct,Estimated from text
2026-01-08T21:49:09.471162,4902,B,3445,543,3988,Qwen3-Next-80B-A3B-Instruct,Estimated from text
2026-01-08T21:49:20.565932,4903,S,1845,1840,3685,Qwen3-Next-80B-A3B-Instruct,Estimated from text
2026-01-08T21:49:24.828219,4903,A,5703,618,6321,Qwen3-Next-80B-A3B-Instruct,Estimated from text
2026-01-08T21:49:28.366305,4903,B,3233,456,3689,Qwen3-Next-80B-A3B-Instruct,Estimated from text
2026-01-08T21:49:39.757179,4904,S,1845,1778,3623,Qwen3-Next-80B-A3B-Instruct,Estimated from text
2026-01-08T21:49:44.620148,4904,A,5641,662,6303,Qwen3-Next-80B-A3B-Instruct,Estimated from text
2026-01-08T21:49:48.865082,4904,B,3277,606,3883,Qwen3-Next-80B-A3B-Instruct,Estimated from text
2026-01-08T21:50:02.106777,4906,S,1845,2118,3963,Qwen3-Next-80B-A3B-Instruct,Estimated from text
2026-01-08T21:50:06.366215,4906,A,5985,561,6546,Qwen3-Next-80B-A3B-Instruct,Estimated from text
2026-01-08T21:50:09.607728,4906,B,3177,414,3591,Qwen3-Next-80B-A3B-Instruct,Estimated from text
2026-01-08T21:50:22.412961,4907,S,1845,2156,4001,Qwen3-Next-80B-A3B-Instruct,Estimated from text
2026-01-08T21:50:27.725170,4907,A,6023,876,6899,Qwen3-Next-80B-A3B-Instruct,Estimated from text
2026-01-08T21:50:30.953914,4907,B,3492,473,3965,Qwen3-Next-80B-A3B-Instruct,Estimated from text
2026-01-08T21:50:42.901929,4909,S,1845,1781,3626,Qwen3-Next-80B-A3B-Instruct,Estimated from text
2026-01-08T21:50:48.161401,4909,A,5647,833,6480,Qwen3-Next-80B-A3B-Instruct,Estimated from text
2026-01-08T21:50:52.007337,4909,B,3452,481,3933,Qwen3-Next-80B-A3B-Instruct,Estimated from text
2026-01-08T21:51:05.041149,4912,S,1845,2030,3875,Qwen3-Next-80B-A3B-Instruct,Estimated from text
2026-01-08T21:51:12.815214,4912,A,5901,1125,7026,Qwen3-Next-80B-A3B-Instruct,Estimated from text
2026-01-08T21:51:16.965041,4912,B,3747,634,4381,Qwen3-Next-80B-A3B-Instruct,Estimated from text
2026-01-08T21:51:32.103238,4913,S,1845,2690,4535,Qwen3-Next-80B-A3B-Instruct,Estimated from text
2026-01-08T21:51:37.553970,4913,A,6564,828,7392,Qwen3-Next-80B-A3B-Instruct,Estimated from text
2026-01-08T21:51:41.092033,4913,B,3444,531,3975,Qwen3-Next-80B-A3B-Instruct,Estimated from text
2026-01-08T21:51:56.922344,4915,S,1845,2574,4419,Qwen3-Next-80B-A3B-Instruct,Estimated from text
2026-01-08T21:52:01.744014,4915,A,6445,798,7243,Qwen3-Next-80B-A3B-Instruct,Estimated from text
2026-01-08T21:52:05.460697,4915,B,3414,627,4041,Qwen3-Next-80B-A3B-Instruct,Estimated from text
2026-01-08T21:52:16.838393,4916,S,1845,1841,3686,Qwen3-Next-80B-A3B-Instruct,Estimated from text
2026-01-08T21:52:21.156403,4916,A,5704,696,6400,Qwen3-Next-80B-A3B-Instruct,Estimated from text
2026-01-08T21:52:24.773347,4916,B,3312,531,3843,Qwen3-Next-80B-A3B-Instruct,Estimated from text
2026-01-08T21:52:35.428101,4917,S,1845,1680,3525,Qwen3-Next-80B-A3B-Instruct,Estimated from text
2026-01-08T21:52:41.555868,4917,A,5540,971,6511,Qwen3-Next-80B-A3B-Instruct,Estimated from text
2026-01-08T21:52:45.474855,4917,B,3586,601,4187,Qwen3-Next-80B-A3B-Instruct,Estimated from text
2026-01-08T21:52:58.132814,4918,S,1845,2183,4028,Qwen3-Next-80B-A3B-Instruct,Estimated from text
2026-01-08T21:53:06.269948,4918,A,6050,1323,7373,Qwen3-Next-80B-A3B-Instruct,Estimated from text
2026-01-08T21:53:09.807730,4918,B,3939,444,4383,Qwen3-Next-80B-A3B-Instruct,Estimated from text
2026-01-08T21:53:24.762275,4919,S,1845,2450,4295,Qwen3-Next-80B-A3B-Instruct,Estimated from text
2026-01-08T21:53:33.044724,4919,A,6322,1296,7618,Qwen3-Next-80B-A3B-Instruct,Estimated from text
2026-01-08T21:53:37.247600,4919,B,3911,518,4429,Qwen3-Next-80B-A3B-Instruct,Estimated from text
2026-01-08T21:53:51.933682,4920,S,1845,2150,3995,Qwen3-Next-80B-A3B-Instruct,Estimated from text
2026-01-08T21:54:00.971157,4920,A,6016,1322,7338,Qwen3-Next-80B-A3B-Instruct,Estimated from text
2026-01-08T21:54:04.588316,4920,B,3937,452,4389,Qwen3-Next-80B-A3B-Instruct,Estimated from text
2026-01-08T21:54:16.451812,4921,S,1845,1775,3620,Qwen3-Next-80B-A3B-Instruct,Estimated from text
2026-01-08T21:54:21.673163,4921,A,5637,796,6433,Qwen3-Next-80B-A3B-Instruct,Estimated from text
2026-01-08T21:54:25.491288,4921,B,3411,504,3915,Qwen3-Next-80B-A3B-Instruct,Estimated from text
2026-01-08T21:54:41.972880,4922,S,1845,2741,4586,Qwen3-Next-80B-A3B-Instruct,Estimated from text
2026-01-08T21:54:47.499210,4922,A,6609,764,7373,Qwen3-Next-80B-A3B-Instruct,Estimated from text
2026-01-08T21:54:50.917242,4922,B,3379,443,3822,Qwen3-Next-80B-A3B-Instruct,Estimated from text
2026-01-08T21:55:03.023755,4923,S,1845,1773,3618,Qwen3-Next-80B-A3B-Instruct,Estimated from text
2026-01-08T21:55:07.844419,4923,A,5637,649,6286,Qwen3-Next-80B-A3B-Instruct,Estimated from text
2026-01-08T21:55:11.362101,4923,B,3264,468,3732,Qwen3-Next-80B-A3B-Instruct,Estimated from text
2026-01-08T21:55:21.929730,4924,S,1845,1610,3455,Qwen3-Next-80B-A3B-Instruct,Estimated from text
2026-01-08T21:55:27.151680,4924,A,5472,788,6260,Qwen3-Next-80B-A3B-Instruct,Estimated from text
2026-01-08T21:55:31.069586,4924,B,3403,518,3921,Qwen3-Next-80B-A3B-Instruct,Estimated from text
2026-01-08T21:55:41.430053,4925,S,1845,1740,3585,Qwen3-Next-80B-A3B-Instruct,Estimated from text
2026-01-08T21:55:47.357520,4925,A,5601,837,6438,Qwen3-Next-80B-A3B-Instruct,Estimated from text
2026-01-08T21:55:51.379335,4925,B,3452,519,3971,Qwen3-Next-80B-A3B-Instruct,Estimated from text
2026-01-08T21:56:05.250055,4926,S,1845,2319,4164,Qwen3-Next-80B-A3B-Instruct,Estimated from text
2026-01-08T21:56:11.276245,4926,A,6187,910,7097,Qwen3-Next-80B-A3B-Instruct,Estimated from text
2026-01-08T21:56:15.797699,4926,B,3525,662,4187,Qwen3-Next-80B-A3B-Instruct,Estimated from text
2026-01-08T21:56:28.887381,4927,S,1845,1775,3620,Qwen3-Next-80B-A3B-Instruct,Estimated from text
2026-01-08T21:56:33.314656,4927,A,5640,581,6221,Qwen3-Next-80B-A3B-Instruct,Estimated from text
2026-01-08T21:56:37.131338,4927,B,3196,474,3670,Qwen3-Next-80B-A3B-Instruct,Estimated from text
2026-01-08T21:56:49.111766,4928,S,1845,1723,3568,Qwen3-Next-80B-A3B-Instruct,Estimated from text
2026-01-08T21:56:53.976250,4928,A,5586,744,6330,Qwen3-Next-80B-A3B-Instruct,Estimated from text
2026-01-08T21:56:57.612329,4928,B,3359,474,3833,Qwen3-Next-80B-A3B-Instruct,Estimated from text
2026-01-08T21:57:09.082668,4929,S,1845,1495,3340,Qwen3-Next-80B-A3B-Instruct,Estimated from text
2026-01-08T21:57:14.809953,4929,A,5356,841,6197,Qwen3-Next-80B-A3B-Instruct,Estimated from text
2026-01-08T21:57:19.030180,4929,B,3456,600,4056,Qwen3-Next-80B-A3B-Instruct,Estimated from text
2026-01-08T21:57:32.527014,4930,S,1845,1893,3738,Qwen3-Next-80B-A3B-Instruct,Estimated from text
2026-01-08T21:57:38.852591,4930,A,5760,899,6659,Qwen3-Next-80B-A3B-Instruct,Estimated from text
2026-01-08T21:57:42.870381,4930,B,3514,537,4051,Qwen3-Next-80B-A3B-Instruct,Estimated from text
2026-01-08T21:57:54.125312,4931,S,1845,1710,3555,Qwen3-Next-80B-A3B-Instruct,Estimated from text
2026-01-08T21:58:00.162085,4931,A,5574,877,6451,Qwen3-Next-80B-A3B-Instruct,Estimated from text
2026-01-08T21:58:03.989992,4931,B,3492,528,4020,Qwen3-Next-80B-A3B-Instruct,Estimated from text
2026-01-08T21:58:14.679655,4932,S,1845,1569,3414,Qwen3-Next-80B-A3B-Instruct,Estimated from text
2026-01-08T21:58:19.728028,4932,A,5430,624,6054,Qwen3-Next-80B-A3B-Instruct,Estimated from text
2026-01-08T21:58:23.456906,4932,B,3240,458,3698,Qwen3-Next-80B-A3B-Instruct,Estimated from text
2026-01-08T21:58:35.945378,4933,S,1845,1848,3693,Qwen3-Next-80B-A3B-Instruct,Estimated from text
2026-01-08T21:58:42.572677,4933,A,5711,1018,6729,Qwen3-Next-80B-A3B-Instruct,Estimated from text
2026-01-08T21:58:46.190404,4933,B,3633,447,4080,Qwen3-Next-80B-A3B-Instruct,Estimated from text
2026-01-08T21:58:58.585952,4934,S,1845,1818,3663,Qwen3-Next-80B-A3B-Instruct,Estimated from text
2026-01-08T21:59:03.106165,4934,A,5680,708,6388,Qwen3-Next-80B-A3B-Instruct,Estimated from text
2026-01-08T21:59:06.824467,4934,B,3324,540,3864,Qwen3-Next-80B-A3B-Instruct,Estimated from text
2026-01-08T21:59:20.797898,4935,S,1845,2243,4088,Qwen3-Next-80B-A3B-Instruct,Estimated from text
2026-01-08T21:59:28.342501,4935,A,6111,1154,7265,Qwen3-Next-80B-A3B-Instruct,Estimated from text
2026-01-08T21:59:32.085246,4935,B,3769,579,4348,Qwen3-Next-80B-A3B-Instruct,Estimated from text
2026-01-08T21:59:43.626802,4936,S,1845,1796,3641,Qwen3-Next-80B-A3B-Instruct,Estimated from text
2026-01-08T21:59:48.950895,4936,A,5658,771,6429,Qwen3-Next-80B-A3B-Instruct,Estimated from text
2026-01-08T21:59:52.969955,4936,B,3386,478,3864,Qwen3-Next-80B-A3B-Instruct,Estimated from text
2026-01-08T22:00:04.446411,4937,S,1845,1701,3546,Qwen3-Next-80B-A3B-Instruct,Estimated from text
2026-01-08T22:00:09.566234,4937,A,5563,684,6247,Qwen3-Next-80B-A3B-Instruct,Estimated from text
2026-01-08T22:00:13.282363,4937,B,3300,483,3783,Qwen3-Next-80B-A3B-Instruct,Estimated from text
2026-01-08T22:00:28.459738,4938,S,1845,2259,4104,Qwen3-Next-80B-A3B-Instruct,Estimated from text
2026-01-08T22:00:34.179628,4938,A,6126,774,6900,Qwen3-Next-80B-A3B-Instruct,Estimated from text
2026-01-08T22:00:37.494830,4938,B,3390,444,3834,Qwen3-Next-80B-A3B-Instruct,Estimated from text
2026-01-08T22:00:49.756127,4939,S,1845,1809,3654,Qwen3-Next-80B-A3B-Instruct,Estimated from text
2026-01-08T22:00:56.285587,4939,A,5672,1005,6677,Qwen3-Next-80B-A3B-Instruct,Estimated from text
2026-01-08T22:00:59.903568,4939,B,3621,487,4108,Qwen3-Next-80B-A3B-Instruct,Estimated from text
2026-01-08T22:01:11.613172,4940,S,1845,1654,3499,Qwen3-Next-80B-A3B-Instruct,Estimated from text
2026-01-08T22:01:16.367032,4940,A,5513,654,6167,Qwen3-Next-80B-A3B-Instruct,Estimated from text
2026-01-08T22:01:19.910022,4940,B,3269,480,3749,Qwen3-Next-80B-A3B-Instruct,Estimated from text
2026-01-08T22:01:32.376506,4941,S,1845,1777,3622,Qwen3-Next-80B-A3B-Instruct,Estimated from text
2026-01-08T22:01:37.871017,4941,A,5640,756,6396,Qwen3-Next-80B-A3B-Instruct,Estimated from text
2026-01-08T22:01:41.405749,4941,B,3372,461,3833,Qwen3-Next-80B-A3B-Instruct,Estimated from text
2026-01-08T22:01:55.677033,4942,S,1845,2259,4104,Qwen3-Next-80B-A3B-Instruct,Estimated from text
2026-01-08T22:02:01.401294,4942,A,6123,916,7039,Qwen3-Next-80B-A3B-Instruct,Estimated from text
2026-01-08T22:02:05.620183,4942,B,3531,640,4171,Qwen3-Next-80B-A3B-Instruct,Estimated from text
2026-01-08T22:02:17.677900,4943,S,1845,1712,3557,Qwen3-Next-80B-A3B-Instruct,Estimated from text
2026-01-08T22:02:22.498672,4943,A,5573,706,6279,Qwen3-Next-80B-A3B-Instruct,Estimated from text
2026-01-08T22:02:26.116026,4943,B,3321,473,3794,Qwen3-Next-80B-A3B-Instruct,Estimated from text
2026-01-08T22:02:39.098676,4944,S,1845,2111,3956,Qwen3-Next-80B-A3B-Instruct,Estimated from text
2026-01-08T22:02:45.734225,4944,A,5979,1072,7051,Qwen3-Next-80B-A3B-Instruct,Estimated from text
2026-01-08T22:02:49.051218,4944,B,3689,429,4118,Qwen3-Next-80B-A3B-Instruct,Estimated from text
2026-01-08T22:03:02.119875,4946,S,1845,1843,3688,Qwen3-Next-80B-A3B-Instruct,Estimated from text
2026-01-08T22:03:07.343334,4946,A,5718,693,6411,Qwen3-Next-80B-A3B-Instruct,Estimated from text
2026-01-08T22:03:11.263561,4946,B,3316,492,3808,Qwen3-Next-80B-A3B-Instruct,Estimated from text
2026-01-08T22:03:24.728332,4947,S,1845,2097,3942,Qwen3-Next-80B-A3B-Instruct,Estimated from text
2026-01-08T22:03:30.053685,4947,A,5969,776,6745,Qwen3-Next-80B-A3B-Instruct,Estimated from text
2026-01-08T22:03:33.770253,4947,B,3399,458,3857,Qwen3-Next-80B-A3B-Instruct,Estimated from text
2026-01-08T22:03:47.657106,4948,S,1845,1950,3795,Qwen3-Next-80B-A3B-Instruct,Estimated from text
2026-01-08T22:03:54.290306,4948,A,5822,897,6719,Qwen3-Next-80B-A3B-Instruct,Estimated from text
2026-01-08T22:03:58.413448,4948,B,3520,588,4108,Qwen3-Next-80B-A3B-Instruct,Estimated from text
2026-01-08T22:04:11.712780,4950,S,1845,2091,3936,Qwen3-Next-80B-A3B-Instruct,Estimated from text
2026-01-08T22:04:16.838472,4950,A,5969,668,6637,Qwen3-Next-80B-A3B-Instruct,Estimated from text
2026-01-08T22:05:06.466932,4951,S,1845,1865,3710,Qwen3-Next-80B-A3B-Instruct,Estimated from text
2026-01-08T22:05:12.993426,4951,A,5742,1026,6768,Qwen3-Next-80B-A3B-Instruct,Estimated from text
2026-01-08T22:05:16.613016,4951,B,3655,479,4134,Qwen3-Next-80B-A3B-Instruct,Estimated from text
2026-01-08T22:05:29.373681,4952,S,1845,1643,3488,Qwen3-Next-80B-A3B-Instruct,Estimated from text
2026-01-08T22:05:34.897996,4952,A,5523,751,6274,Qwen3-Next-80B-A3B-Instruct,Estimated from text
2026-01-08T22:05:41.934020,4952,B,3381,874,4255,Qwen3-Next-80B-A3B-Instruct,Estimated from text
2026-01-08T22:05:53.394103,4953,S,1845,1600,3445,Qwen3-Next-80B-A3B-Instruct,Estimated from text
2026-01-08T22:05:58.419488,4953,A,5467,633,6100,Qwen3-Next-80B-A3B-Instruct,Estimated from text
2026-01-08T22:06:02.137477,4953,B,3254,411,3665,Qwen3-Next-80B-A3B-Instruct,Estimated from text
2026-01-08T22:06:14.931467,4954,S,1845,1924,3769,Qwen3-Next-80B-A3B-Instruct,Estimated from text
2026-01-08T22:06:23.575950,4954,A,5793,1221,7014,Qwen3-Next-80B-A3B-Instruct,Estimated from text
2026-01-08T22:06:27.694705,4954,B,3842,519,4361,Qwen3-Next-80B-A3B-Instruct,Estimated from text
2026-01-08T22:06:40.771837,4955,S,1845,2070,3915,Qwen3-Next-80B-A3B-Instruct,Estimated from text
2026-01-08T22:06:47.803236,4955,A,5939,1029,6968,Qwen3-Next-80B-A3B-Instruct,Estimated from text
2026-01-08T22:06:52.224974,4955,B,3650,495,4145,Qwen3-Next-80B-A3B-Instruct,Estimated from text
2026-01-08T22:07:06.925644,4957,S,1845,1933,3778,Qwen3-Next-80B-A3B-Instruct,Estimated from text
2026-01-08T22:07:12.652822,4957,A,5808,716,6524,Qwen3-Next-80B-A3B-Instruct,Estimated from text
2026-01-08T22:07:16.772235,4957,B,3337,444,3781,Qwen3-Next-80B-A3B-Instruct,Estimated from text
2026-01-08T22:07:31.963583,4959,S,1845,2220,4065,Qwen3-Next-80B-A3B-Instruct,Estimated from text
2026-01-08T22:07:38.191601,4959,A,6094,795,6889,Qwen3-Next-80B-A3B-Instruct,Estimated from text
2026-01-08T22:08:23.004212,4960,S,1845,1811,3656,Qwen3-Next-80B-A3B-Instruct,Estimated from text
2026-01-08T22:08:27.222029,4960,A,5682,811,6493,Qwen3-Next-80B-A3B-Instruct,Estimated from text
2026-01-08T22:08:30.235821,4960,B,3436,594,4030,Qwen3-Next-80B-A3B-Instruct,Estimated from text
2026-01-08T22:08:39.796531,4961,S,1845,1802,3647,Qwen3-Next-80B-A3B-Instruct,Estimated from text
2026-01-08T22:08:43.818227,4961,A,5673,765,6438,Qwen3-Next-80B-A3B-Instruct,Estimated from text
2026-01-08T22:08:46.530475,4961,B,3390,517,3907,Qwen3-Next-80B-A3B-Instruct,Estimated from text
2026-01-08T22:08:57.722399,4962,S,1845,2197,4042,Qwen3-Next-80B-A3B-Instruct,Estimated from text
2026-01-08T22:09:02.569762,4962,A,6072,946,7018,Qwen3-Next-80B-A3B-Instruct,Estimated from text
2026-01-08T22:09:05.284993,4962,B,3571,476,4047,Qwen3-Next-80B-A3B-Instruct,Estimated from text
2026-01-08T22:09:15.898908,4963,S,1845,2155,4000,Qwen3-Next-80B-A3B-Instruct,Estimated from text
2026-01-08T22:09:21.023378,4963,A,6033,907,6940,Qwen3-Next-80B-A3B-Instruct,Estimated from text
2026-01-08T22:09:24.042643,4963,B,3532,459,3991,Qwen3-Next-80B-A3B-Instruct,Estimated from text
2026-01-08T22:09:37.872111,4964,S,1845,2309,4154,Qwen3-Next-80B-A3B-Instruct,Estimated from text
2026-01-08T22:09:43.964565,4964,A,6184,1120,7304,Qwen3-Next-80B-A3B-Instruct,Estimated from text
2026-01-08T22:09:46.982083,4964,B,3744,528,4272,Qwen3-Next-80B-A3B-Instruct,Estimated from text
2026-01-08T22:09:59.052363,4965,S,1845,2412,4257,Qwen3-Next-80B-A3B-Instruct,Estimated from text
2026-01-08T22:10:03.874600,4965,A,6292,858,7150,Qwen3-Next-80B-A3B-Instruct,Estimated from text
2026-01-08T22:10:06.687158,4965,B,3482,465,3947,Qwen3-Next-80B-A3B-Instruct,Estimated from text
2026-01-08T22:10:17.058479,4966,S,1845,2031,3876,Qwen3-Next-80B-A3B-Instruct,Estimated from text
2026-01-08T22:10:21.579022,4966,A,5904,761,6665,Qwen3-Next-80B-A3B-Instruct,Estimated from text
2026-01-08T22:10:24.693646,4966,B,3385,489,3874,Qwen3-Next-80B-A3B-Instruct,Estimated from text
2026-01-08T22:10:36.880668,4967,S,1845,2259,4104,Qwen3-Next-80B-A3B-Instruct,Estimated from text
2026-01-08T22:10:41.200976,4967,A,6136,795,6931,Qwen3-Next-80B-A3B-Instruct,Estimated from text
2026-01-08T22:10:44.316139,4967,B,3419,579,3998,Qwen3-Next-80B-A3B-Instruct,Estimated from text
2026-01-08T22:10:53.392207,4968,S,1845,1638,3483,Qwen3-Next-80B-A3B-Instruct,Estimated from text
2026-01-08T22:10:57.519403,4968,A,5507,710,6217,Qwen3-Next-80B-A3B-Instruct,Estimated from text
2026-01-08T22:11:00.659114,4968,B,3334,489,3823,Qwen3-Next-80B-A3B-Instruct,Estimated from text
2026-01-08T22:11:12.224849,4969,S,1845,2349,4194,Qwen3-Next-80B-A3B-Instruct,Estimated from text
2026-01-08T22:11:17.459104,4969,A,6227,984,7211,Qwen3-Next-80B-A3B-Instruct,Estimated from text
2026-01-08T22:11:20.313353,4969,B,3609,528,4137,Qwen3-Next-80B-A3B-Instruct,Estimated from text
2026-01-08T22:11:30.376026,4970,S,1845,1722,3567,Qwen3-Next-80B-A3B-Instruct,Estimated from text
2026-01-08T22:11:34.193056,4970,A,5594,650,6244,Qwen3-Next-80B-A3B-Instruct,Estimated from text
2026-01-08T22:11:37.410971,4970,B,3274,524,3798,Qwen3-Next-80B-A3B-Instruct,Estimated from text
2026-01-08T22:11:48.082006,4971,S,1845,2075,3920,Qwen3-Next-80B-A3B-Instruct,Estimated from text
2026-01-08T22:11:53.005163,4971,A,5949,838,6787,Qwen3-Next-80B-A3B-Instruct,Estimated from text
2026-01-08T22:11:55.818914,4971,B,3462,400,3862,Qwen3-Next-80B-A3B-Instruct,Estimated from text
2026-01-08T22:12:06.382953,4972,S,1845,2056,3901,Qwen3-Next-80B-A3B-Instruct,Estimated from text
2026-01-08T22:12:12.112247,4972,A,5928,1123,7051,Qwen3-Next-80B-A3B-Instruct,Estimated from text
2026-01-08T22:12:15.830222,4972,B,3747,681,4428,Qwen3-Next-80B-A3B-Instruct,Estimated from text
2026-01-08T22:12:26.534665,4974,S,1845,2058,3903,Qwen3-Next-80B-A3B-Instruct,Estimated from text
2026-01-08T22:12:31.052087,4974,A,5930,787,6717,Qwen3-Next-80B-A3B-Instruct,Estimated from text
2026-01-08T22:12:33.664734,4974,B,3409,475,3884,Qwen3-Next-80B-A3B-Instruct,Estimated from text
2026-01-08T22:12:43.420087,4975,S,1845,1773,3618,Qwen3-Next-80B-A3B-Instruct,Estimated from text
2026-01-08T22:12:46.937233,4975,A,5641,576,6217,Qwen3-Next-80B-A3B-Instruct,Estimated from text
2026-01-08T22:12:49.849077,4975,B,3198,486,3684,Qwen3-Next-80B-A3B-Instruct,Estimated from text
2026-01-08T22:12:58.926051,4976,S,1845,1661,3506,Qwen3-Next-80B-A3B-Instruct,Estimated from text
2026-01-08T22:13:03.188115,4976,A,5525,738,6263,Qwen3-Next-80B-A3B-Instruct,Estimated from text
2026-01-08T22:13:06.534142,4976,B,3356,579,3935,Qwen3-Next-80B-A3B-Instruct,Estimated from text
2026-01-08T22:13:16.902292,4977,S,1845,1849,3694,Qwen3-Next-80B-A3B-Instruct,Estimated from text
2026-01-08T22:13:22.722150,4977,A,5714,1048,6762,Qwen3-Next-80B-A3B-Instruct,Estimated from text
2026-01-08T22:13:26.639011,4977,B,3666,567,4233,Qwen3-Next-80B-A3B-Instruct,Estimated from text
2026-01-08T22:13:36.829323,4979,S,1845,1853,3698,Qwen3-Next-80B-A3B-Instruct,Estimated from text
2026-01-08T22:13:41.451075,4979,A,5724,823,6547,Qwen3-Next-80B-A3B-Instruct,Estimated from text
2026-01-08T22:13:44.667749,4979,B,3445,515,3960,Qwen3-Next-80B-A3B-Instruct,Estimated from text
2026-01-08T22:13:55.034847,4981,S,1845,2025,3870,Qwen3-Next-80B-A3B-Instruct,Estimated from text
2026-01-08T22:14:00.358837,4981,A,5896,942,6838,Qwen3-Next-80B-A3B-Instruct,Estimated from text
2026-01-08T22:14:03.574518,4981,B,3561,549,4110,Qwen3-Next-80B-A3B-Instruct,Estimated from text
2026-01-08T22:14:14.438472,4982,S,1845,2183,4028,Qwen3-Next-80B-A3B-Instruct,Estimated from text
2026-01-08T22:14:18.757105,4982,A,6056,703,6759,Qwen3-Next-80B-A3B-Instruct,Estimated from text
2026-01-08T22:14:21.472052,4982,B,3323,484,3807,Qwen3-Next-80B-A3B-Instruct,Estimated from text
2026-01-08T22:14:34.179680,4984,S,1845,2540,4385,Qwen3-Next-80B-A3B-Instruct,Estimated from text
2026-01-08T22:14:38.036672,4984,A,6418,679,7097,Qwen3-Next-80B-A3B-Instruct,Estimated from text
2026-01-08T22:14:40.648773,4984,B,3304,477,3781,Qwen3-Next-80B-A3B-Instruct,Estimated from text
2026-01-08T22:14:52.336324,4985,S,1845,1997,3842,Qwen3-Next-80B-A3B-Instruct,Estimated from text
2026-01-08T22:14:56.255077,4985,A,5873,717,6590,Qwen3-Next-80B-A3B-Instruct,Estimated from text
2026-01-08T22:14:59.071850,4985,B,3342,500,3842,Qwen3-Next-80B-A3B-Instruct,Estimated from text
2026-01-08T22:15:09.021900,4986,S,1845,1755,3600,Qwen3-Next-80B-A3B-Instruct,Estimated from text
2026-01-08T22:15:13.040057,4986,A,5630,711,6341,Qwen3-Next-80B-A3B-Instruct,Estimated from text
2026-01-08T22:15:16.153497,4986,B,3336,480,3816,Qwen3-Next-80B-A3B-Instruct,Estimated from text
2026-01-08T22:15:24.906757,4987,S,1845,1611,3456,Qwen3-Next-80B-A3B-Instruct,Estimated from text
2026-01-08T22:15:29.125029,4987,A,5476,684,6160,Qwen3-Next-80B-A3B-Instruct,Estimated from text
2026-01-08T22:15:32.539345,4987,B,3303,567,3870,Qwen3-Next-80B-A3B-Instruct,Estimated from text
2026-01-08T22:15:43.191192,4988,S,1845,1969,3814,Qwen3-Next-80B-A3B-Instruct,Estimated from text
2026-01-08T22:15:47.711640,4988,A,5837,855,6692,Qwen3-Next-80B-A3B-Instruct,Estimated from text
2026-01-08T22:15:51.026436,4988,B,3474,533,4007,Qwen3-Next-80B-A3B-Instruct,Estimated from text
2026-01-08T22:15:59.075315,4989,S,1845,1539,3384,Qwen3-Next-80B-A3B-Instruct,Estimated from text
2026-01-08T22:16:03.093492,4989,A,5401,731,6132,Qwen3-Next-80B-A3B-Instruct,Estimated from text
2026-01-08T22:16:06.008143,4989,B,3351,467,3818,Qwen3-Next-80B-A3B-Instruct,Estimated from text
2026-01-08T22:16:16.434100,4990,S,1845,1916,3761,Qwen3-Next-80B-A3B-Instruct,Estimated from text
2026-01-08T22:16:21.054855,4990,A,5784,770,6554,Qwen3-Next-80B-A3B-Instruct,Estimated from text
2026-01-08T22:16:24.170528,4990,B,3390,554,3944,Qwen3-Next-80B-A3B-Instruct,Estimated from text
2026-01-08T22:16:33.292134,4991,S,1845,1719,3564,Qwen3-Next-80B-A3B-Instruct,Estimated from text
2026-01-08T22:16:37.927675,4991,A,5585,798,6383,Qwen3-Next-80B-A3B-Instruct,Estimated from text
2026-01-08T22:16:41.043098,4991,B,3417,567,3984,Qwen3-Next-80B-A3B-Instruct,Estimated from text
2026-01-08T22:16:52.211799,4993,S,1845,2122,3967,Qwen3-Next-80B-A3B-Instruct,Estimated from text
2026-01-08T22:16:58.236001,4993,A,5998,1043,7041,Qwen3-Next-80B-A3B-Instruct,Estimated from text
2026-01-08T22:17:01.452680,4993,B,3666,460,4126,Qwen3-Next-80B-A3B-Instruct,Estimated from text
2026-01-08T22:17:10.808388,4994,S,1845,1704,3549,Qwen3-Next-80B-A3B-Instruct,Estimated from text
2026-01-08T22:17:15.027699,4994,A,5574,774,6348,Qwen3-Next-80B-A3B-Instruct,Estimated from text
2026-01-08T22:17:18.350608,4994,B,3398,534,3932,Qwen3-Next-80B-A3B-Instruct,Estimated from text
2026-01-08T22:17:29.417567,4995,S,1845,2102,3947,Qwen3-Next-80B-A3B-Instruct,Estimated from text
2026-01-08T22:17:35.644771,4995,A,5972,1208,7180,Qwen3-Next-80B-A3B-Instruct,Estimated from text
2026-01-08T22:17:39.260337,4995,B,3828,730,4558,Qwen3-Next-80B-A3B-Instruct,Estimated from text
2026-01-08T22:17:48.330109,4997,S,1845,1704,3549,Qwen3-Next-80B-A3B-Instruct,Estimated from text
2026-01-08T22:17:53.353890,4997,A,5573,957,6530,Qwen3-Next-80B-A3B-Instruct,Estimated from text
2026-01-08T22:17:56.870640,4997,B,3577,537,4114,Qwen3-Next-80B-A3B-Instruct,Estimated from text
2026-01-08T22:18:05.155184,4998,S,1845,1614,3459,Qwen3-Next-80B-A3B-Instruct,Estimated from text
2026-01-08T22:18:09.937174,4998,A,5475,884,6359,Qwen3-Next-80B-A3B-Instruct,Estimated from text
2026-01-08T22:18:13.157994,4998,B,3501,602,4103,Qwen3-Next-80B-A3B-Instruct,Estimated from text
2026-01-08T22:18:21.942424,5000,S,1845,1661,3506,Qwen3-Next-80B-A3B-Instruct,Estimated from text
2026-01-08T22:18:26.361601,5000,A,5526,855,6381,Qwen3-Next-80B-A3B-Instruct,Estimated from text
2026-01-08T22:18:29.778066,5000,B,3476,516,3992,Qwen3-Next-80B-A3B-Instruct,Estimated from text
2026-01-08T22:18:38.736383,5001,S,1845,1614,3459,Qwen3-Next-80B-A3B-Instruct,Estimated from text
2026-01-08T22:18:43.458138,5001,A,5479,756,6235,Qwen3-Next-80B-A3B-Instruct,Estimated from text
2026-01-08T22:18:46.672572,5001,B,3372,573,3945,Qwen3-Next-80B-A3B-Instruct,Estimated from text
2026-01-08T22:18:56.146416,5003,S,1845,1836,3681,Qwen3-Next-80B-A3B-Instruct,Estimated from text
2026-01-08T22:19:00.365814,5003,A,5703,774,6477,Qwen3-Next-80B-A3B-Instruct,Estimated from text
2026-01-08T22:19:03.580187,5003,B,3396,543,3939,Qwen3-Next-80B-A3B-Instruct,Estimated from text
2026-01-08T22:19:12.443395,5004,S,1845,1541,3386,Qwen3-Next-80B-A3B-Instruct,Estimated from text
2026-01-08T22:19:16.762326,5004,A,5405,731,6136,Qwen3-Next-80B-A3B-Instruct,Estimated from text
2026-01-08T22:19:19.685726,5004,B,3348,544,3892,Qwen3-Next-80B-A3B-Instruct,Estimated from text
2026-01-08T22:19:32.237175,5006,S,1845,2224,4069,Qwen3-Next-80B-A3B-Instruct,Estimated from text
2026-01-08T22:19:35.251505,5006,A,6095,557,6652,Qwen3-Next-80B-A3B-Instruct,Estimated from text
2026-01-08T22:19:38.169314,5006,B,3173,555,3728,Qwen3-Next-80B-A3B-Instruct,Estimated from text
2026-01-08T22:19:51.147785,5007,S,1845,2415,4260,Qwen3-Next-80B-A3B-Instruct,Estimated from text
2026-01-08T22:19:56.673270,5007,A,6286,1019,7305,Qwen3-Next-80B-A3B-Instruct,Estimated from text
2026-01-08T22:19:59.084626,5007,B,3635,470,4105,Qwen3-Next-80B-A3B-Instruct,Estimated from text
2026-01-08T22:20:10.202875,5008,S,1845,1948,3793,Qwen3-Next-80B-A3B-Instruct,Estimated from text
2026-01-08T22:20:14.622935,5008,A,5811,771,6582,Qwen3-Next-80B-A3B-Instruct,Estimated from text
2026-01-08T22:20:17.647035,5008,B,3387,456,3843,Qwen3-Next-80B-A3B-Instruct,Estimated from text
2026-01-08T22:20:26.701881,5009,S,1845,1750,3595,Qwen3-Next-80B-A3B-Instruct,Estimated from text
2026-01-08T22:20:31.423075,5009,A,5613,846,6459,Qwen3-Next-80B-A3B-Instruct,Estimated from text
2026-01-08T22:20:34.536911,5009,B,3462,479,3941,Qwen3-Next-80B-A3B-Instruct,Estimated from text
2026-01-08T22:20:46.669649,5011,S,1845,2376,4221,Qwen3-Next-80B-A3B-Instruct,Estimated from text
2026-01-08T22:20:52.196305,5011,A,6252,1086,7338,Qwen3-Next-80B-A3B-Instruct,Estimated from text
2026-01-08T22:20:55.009283,5011,B,3706,452,4158,Qwen3-Next-80B-A3B-Instruct,Estimated from text
2026-01-08T22:21:06.978944,5012,S,1845,2223,4068,Qwen3-Next-80B-A3B-Instruct,Estimated from text
2026-01-08T22:21:11.904243,5012,A,6096,836,6932,Qwen3-Next-80B-A3B-Instruct,Estimated from text
2026-01-08T22:21:15.219659,5012,B,3451,508,3959,Qwen3-Next-80B-A3B-Instruct,Estimated from text
2026-01-08T22:21:25.886201,5013,S,1845,1981,3826,Qwen3-Next-80B-A3B-Instruct,Estimated from text
2026-01-08T22:21:30.004002,5013,A,5845,719,6564,Qwen3-Next-80B-A3B-Instruct,Estimated from text
2026-01-08T22:21:32.917966,5013,B,3334,519,3853,Qwen3-Next-80B-A3B-Instruct,Estimated from text
2026-01-08T22:21:43.973098,5015,S,1845,2055,3900,Qwen3-Next-80B-A3B-Instruct,Estimated from text
2026-01-08T22:21:47.691536,5015,A,5921,709,6630,Qwen3-Next-80B-A3B-Instruct,Estimated from text
2026-01-08T22:21:50.736678,5015,B,3327,450,3777,Qwen3-Next-80B-A3B-Instruct,Estimated from text
2026-01-08T22:22:00.109227,5018,S,1845,1785,3630,Qwen3-Next-80B-A3B-Instruct,Estimated from text
2026-01-08T22:22:04.929903,5018,A,5652,858,6510,Qwen3-Next-80B-A3B-Instruct,Estimated from text
2026-01-08T22:22:08.344440,5018,B,3479,597,4076,Qwen3-Next-80B-A3B-Instruct,Estimated from text
2026-01-08T22:22:23.937831,5019,S,1845,2712,4557,Qwen3-Next-80B-A3B-Instruct,Estimated from text
2026-01-08T22:22:27.990995,5019,A,6588,706,7294,Qwen3-Next-80B-A3B-Instruct,Estimated from text
2026-01-08T22:22:30.641618,5019,B,3327,520,3847,Qwen3-Next-80B-A3B-Instruct,Estimated from text
2026-01-08T22:22:38.714749,5020,S,1845,1562,3407,Qwen3-Next-80B-A3B-Instruct,Estimated from text
2026-01-08T22:22:42.649801,5020,A,5427,792,6219,Qwen3-Next-80B-A3B-Instruct,Estimated from text
2026-01-08T22:22:45.494470,5020,B,3412,459,3871,Qwen3-Next-80B-A3B-Instruct,Estimated from text
2026-01-08T22:22:54.150763,5021,S,1845,1595,3440,Qwen3-Next-80B-A3B-Instruct,Estimated from text
2026-01-08T22:22:58.470486,5021,A,5460,752,6212,Qwen3-Next-80B-A3B-Instruct,Estimated from text
2026-01-08T22:23:01.384105,5021,B,3369,508,3877,Qwen3-Next-80B-A3B-Instruct,Estimated from text
2026-01-08T22:23:14.582446,5022,S,1845,2119,3964,Qwen3-Next-80B-A3B-Instruct,Estimated from text
2026-01-08T22:23:19.305249,5022,A,5985,875,6860,Qwen3-Next-80B-A3B-Instruct,Estimated from text
2026-01-08T22:23:22.620240,5022,B,3492,575,4067,Qwen3-Next-80B-A3B-Instruct,Estimated from text
2026-01-08T22:23:31.076947,5023,S,1845,1485,3330,Qwen3-Next-80B-A3B-Instruct,Estimated from text
2026-01-08T22:23:35.097313,5023,A,5348,667,6015,Qwen3-Next-80B-A3B-Instruct,Estimated from text
2026-01-08T22:23:38.614252,5023,B,3284,583,3867,Qwen3-Next-80B-A3B-Instruct,Estimated from text
2026-01-08T22:23:46.996990,5025,S,1845,1530,3375,Qwen3-Next-80B-A3B-Instruct,Estimated from text
2026-01-08T22:23:52.001048,5025,A,5391,722,6113,Qwen3-Next-80B-A3B-Instruct,Estimated from text
2026-01-08T22:23:54.875804,5025,B,3339,480,3819,Qwen3-Next-80B-A3B-Instruct,Estimated from text
2026-01-08T22:24:03.866667,5026,S,1845,1523,3368,Qwen3-Next-80B-A3B-Instruct,Estimated from text
2026-01-08T22:24:08.422415,5026,A,5385,754,6139,Qwen3-Next-80B-A3B-Instruct,Estimated from text
2026-01-08T22:24:12.286252,5026,B,3371,635,4006,Qwen3-Next-80B-A3B-Instruct,Estimated from text
2026-01-08T22:24:23.022271,5027,S,1845,2016,3861,Qwen3-Next-80B-A3B-Instruct,Estimated from text
2026-01-08T22:24:27.664973,5027,A,5883,829,6712,Qwen3-Next-80B-A3B-Instruct,Estimated from text
2026-01-08T22:24:30.485290,5027,B,3446,443,3889,Qwen3-Next-80B-A3B-Instruct,Estimated from text
2026-01-08T22:24:41.833385,5028,S,1845,2126,3971,Qwen3-Next-80B-A3B-Instruct,Estimated from text
2026-01-08T22:24:46.554563,5028,A,5992,936,6928,Qwen3-Next-80B-A3B-Instruct,Estimated from text
2026-01-08T22:24:49.770251,5028,B,3553,488,4041,Qwen3-Next-80B-A3B-Instruct,Estimated from text
2026-01-08T22:25:00.635022,5029,S,1845,1959,3804,Qwen3-Next-80B-A3B-Instruct,Estimated from text
2026-01-08T22:25:04.755049,5029,A,5828,594,6422,Qwen3-Next-80B-A3B-Instruct,Estimated from text
2026-01-08T22:25:07.771216,5029,B,3210,477,3687,Qwen3-Next-80B-A3B-Instruct,Estimated from text
2026-01-08T22:25:22.652663,5030,S,1845,2472,4317,Qwen3-Next-80B-A3B-Instruct,Estimated from text
2026-01-08T22:25:27.472320,5030,A,6345,762,7107,Qwen3-Next-80B-A3B-Instruct,Estimated from text
2026-01-08T22:25:29.986196,5030,B,3379,426,3805,Qwen3-Next-80B-A3B-Instruct,Estimated from text
2026-01-08T22:25:39.806423,5032,S,1845,1868,3713,Qwen3-Next-80B-A3B-Instruct,Estimated from text
2026-01-08T22:25:44.428083,5032,A,5734,856,6590,Qwen3-Next-80B-A3B-Instruct,Estimated from text
2026-01-08T22:25:47.942172,5032,B,3475,601,4076,Qwen3-Next-80B-A3B-Instruct,Estimated from text
2026-01-08T22:25:56.836791,5033,S,1845,1485,3330,Qwen3-Next-80B-A3B-Instruct,Estimated from text
2026-01-08T22:26:00.855527,5033,A,5345,738,6083,Qwen3-Next-80B-A3B-Instruct,Estimated from text
2026-01-08T22:26:03.970619,5033,B,3351,516,3867,Qwen3-Next-80B-A3B-Instruct,Estimated from text
2026-01-08T22:26:14.774990,5035,S,1845,1848,3693,Qwen3-Next-80B-A3B-Instruct,Estimated from text
2026-01-08T22:26:18.944106,5035,A,5715,765,6480,Qwen3-Next-80B-A3B-Instruct,Estimated from text
2026-01-08T22:26:22.299102,5035,B,3384,535,3919,Qwen3-Next-80B-A3B-Instruct,Estimated from text
2026-01-08T22:26:31.955183,5036,S,1845,1770,3615,Qwen3-Next-80B-A3B-Instruct,Estimated from text
2026-01-08T22:26:37.005054,5036,A,5631,955,6586,Qwen3-Next-80B-A3B-Instruct,Estimated from text
2026-01-08T22:26:39.917265,5036,B,3572,483,4055,Qwen3-Next-80B-A3B-Instruct,Estimated from text
2026-01-08T22:26:53.392031,5037,S,1845,2388,4233,Qwen3-Next-80B-A3B-Instruct,Estimated from text
2026-01-08T22:26:56.907780,5037,A,6266,537,6803,Qwen3-Next-80B-A3B-Instruct,Estimated from text
2026-01-08T22:26:59.821413,5037,B,3153,473,3626,Qwen3-Next-80B-A3B-Instruct,Estimated from text
2026-01-08T22:27:11.378058,5038,S,1845,2352,4197,Qwen3-Next-80B-A3B-Instruct,Estimated from text
2026-01-08T22:27:17.144705,5038,A,6222,929,7151,Qwen3-Next-80B-A3B-Instruct,Estimated from text
2026-01-08T22:27:20.410078,5038,B,3546,537,4083,Qwen3-Next-80B-A3B-Instruct,Estimated from text
2026-01-08T22:27:30.897667,5039,S,1845,1812,3657,Qwen3-Next-80B-A3B-Instruct,Estimated from text
2026-01-08T22:27:36.645036,5039,A,5678,1152,6830,Qwen3-Next-80B-A3B-Instruct,Estimated from text
2026-01-08T22:27:39.668675,5039,B,3769,516,4285,Qwen3-Next-80B-A3B-Instruct,Estimated from text
2026-01-08T22:27:49.075665,5041,S,1845,1800,3645,Qwen3-Next-80B-A3B-Instruct,Estimated from text
2026-01-08T22:27:53.397073,5041,A,5667,817,6484,Qwen3-Next-80B-A3B-Instruct,Estimated from text
2026-01-08T22:27:56.712520,5041,B,3436,440,3876,Qwen3-Next-80B-A3B-Instruct,Estimated from text
2026-01-08T22:28:09.190038,5042,S,1845,2492,4337,Qwen3-Next-80B-A3B-Instruct,Estimated from text
2026-01-08T22:28:13.608554,5042,A,6363,867,7230,Qwen3-Next-80B-A3B-Instruct,Estimated from text
2026-01-08T22:28:16.622277,5042,B,3484,543,4027,Qwen3-Next-80B-A3B-Instruct,Estimated from text
2026-01-08T22:28:27.891954,5043,S,1845,2112,3957,Qwen3-Next-80B-A3B-Instruct,Estimated from text
2026-01-08T22:28:32.715506,5043,A,5985,784,6769,Qwen3-Next-80B-A3B-Instruct,Estimated from text
2026-01-08T22:28:35.828934,5043,B,3401,471,3872,Qwen3-Next-80B-A3B-Instruct,Estimated from text
2026-01-08T22:28:45.392728,5044,S,1845,1731,3576,Qwen3-Next-80B-A3B-Instruct,Estimated from text
2026-01-08T22:28:50.428487,5044,A,5594,911,6505,Qwen3-Next-80B-A3B-Instruct,Estimated from text
2026-01-08T22:28:53.356229,5044,B,3528,480,4008,Qwen3-Next-80B-A3B-Instruct,Estimated from text
2026-01-08T22:29:04.298844,5046,S,1845,2046,3891,Qwen3-Next-80B-A3B-Instruct,Estimated from text
2026-01-08T22:29:08.828854,5046,A,5915,852,6767,Qwen3-Next-80B-A3B-Instruct,Estimated from text
2026-01-08T22:29:54.487078,5047,S,1845,1808,3653,Qwen3-Next-80B-A3B-Instruct,Estimated from text
2026-01-08T22:29:59.321096,5047,A,5675,889,6564,Qwen3-Next-80B-A3B-Instruct,Estimated from text
2026-01-08T22:30:02.636546,5047,B,3510,627,4137,Qwen3-Next-80B-A3B-Instruct,Estimated from text
2026-01-08T22:30:12.890979,5048,S,1845,1908,3753,Qwen3-Next-80B-A3B-Instruct,Estimated from text
2026-01-08T22:30:16.811712,5048,A,5777,720,6497,Qwen3-Next-80B-A3B-Instruct,Estimated from text
2026-01-08T22:30:20.028316,5048,B,3340,472,3812,Qwen3-Next-80B-A3B-Instruct,Estimated from text
2026-01-08T22:30:31.586253,5049,S,1845,2287,4132,Qwen3-Next-80B-A3B-Instruct,Estimated from text
2026-01-08T22:30:37.318264,5049,A,6158,980,7138,Qwen3-Next-80B-A3B-Instruct,Estimated from text
2026-01-08T22:30:40.633105,5049,B,3597,591,4188,Qwen3-Next-80B-A3B-Instruct,Estimated from text
2026-01-08T22:30:49.425555,5050,S,1845,1633,3478,Qwen3-Next-80B-A3B-Instruct,Estimated from text
2026-01-08T22:30:54.087601,5050,A,5495,885,6380,Qwen3-Next-80B-A3B-Instruct,Estimated from text
2026-01-08T22:30:57.025367,5050,B,3501,467,3968,Qwen3-Next-80B-A3B-Instruct,Estimated from text
2026-01-08T22:31:05.790813,5051,S,1845,1536,3381,Qwen3-Next-80B-A3B-Instruct,Estimated from text
2026-01-08T22:31:10.621431,5051,A,5401,919,6320,Qwen3-Next-80B-A3B-Instruct,Estimated from text
2026-01-08T22:31:13.772355,5051,B,3536,539,4075,Qwen3-Next-80B-A3B-Instruct,Estimated from text
2026-01-08T22:31:24.522140,5052,S,1845,1834,3679,Qwen3-Next-80B-A3B-Instruct,Estimated from text
2026-01-08T22:31:29.192145,5052,A,5698,696,6394,Qwen3-Next-80B-A3B-Instruct,Estimated from text
2026-01-08T22:31:32.312971,5052,B,3313,446,3759,Qwen3-Next-80B-A3B-Instruct,Estimated from text
2026-01-08T22:31:41.271126,5053,S,1845,1557,3402,Qwen3-Next-80B-A3B-Instruct,Estimated from text
2026-01-08T22:31:45.024158,5053,A,5420,595,6015,Qwen3-Next-80B-A3B-Instruct,Estimated from text
2026-01-08T22:31:47.937352,5053,B,3212,514,3726,Qwen3-Next-80B-A3B-Instruct,Estimated from text
2026-01-08T22:31:57.503644,5054,S,1845,1683,3528,Qwen3-Next-80B-A3B-Instruct,Estimated from text
2026-01-08T22:32:01.119747,5054,A,5547,678,6225,Qwen3-Next-80B-A3B-Instruct,Estimated from text
2026-01-08T22:32:04.438671,5054,B,3294,483,3777,Qwen3-Next-80B-A3B-Instruct,Estimated from text
2026-01-08T22:32:15.007267,5055,S,1845,2017,3862,Qwen3-Next-80B-A3B-Instruct,Estimated from text
2026-01-08T22:32:19.930786,5055,A,5886,893,6779,Qwen3-Next-80B-A3B-Instruct,Estimated from text
2026-01-08T22:32:24.149320,5055,B,3510,759,4269,Qwen3-Next-80B-A3B-Instruct,Estimated from text
2026-01-08T22:32:32.008684,5056,S,1845,1389,3234,Qwen3-Next-80B-A3B-Instruct,Estimated from text
2026-01-08T22:32:36.629860,5056,A,5249,864,6113,Qwen3-Next-80B-A3B-Instruct,Estimated from text
2026-01-08T22:32:39.546697,5056,B,3481,444,3925,Qwen3-Next-80B-A3B-Instruct,Estimated from text
2026-01-08T22:32:51.417572,5057,S,1845,2167,4012,Qwen3-Next-80B-A3B-Instruct,Estimated from text
2026-01-08T22:32:56.016217,5057,A,6038,747,6785,Qwen3-Next-80B-A3B-Instruct,Estimated from text
2026-01-08T22:32:59.281183,5057,B,3363,498,3861,Qwen3-Next-80B-A3B-Instruct,Estimated from text
2026-01-08T22:33:08.845376,5059,S,1845,1611,3456,Qwen3-Next-80B-A3B-Instruct,Estimated from text
2026-01-08T22:33:14.709492,5059,A,5475,1146,6621,Qwen3-Next-80B-A3B-Instruct,Estimated from text
2026-01-08T22:33:17.825301,5059,B,3764,644,4408,Qwen3-Next-80B-A3B-Instruct,Estimated from text
2026-01-08T22:33:27.774676,5061,S,1845,1842,3687,Qwen3-Next-80B-A3B-Instruct,Estimated from text
2026-01-08T22:33:31.792632,5061,A,5706,732,6438,Qwen3-Next-80B-A3B-Instruct,Estimated from text
2026-01-08T22:33:34.606148,5061,B,3350,496,3846,Qwen3-Next-80B-A3B-Instruct,Estimated from text
2026-01-08T22:33:42.478777,5062,S,1845,1408,3253,Qwen3-Next-80B-A3B-Instruct,Estimated from text
2026-01-08T22:33:46.297539,5062,A,5270,733,6003,Qwen3-Next-80B-A3B-Instruct,Estimated from text
2026-01-08T22:34:31.224925,5063,S,1845,1929,3774,Qwen3-Next-80B-A3B-Instruct,Estimated from text
2026-01-08T22:34:34.740603,5063,A,5794,699,6493,Qwen3-Next-80B-A3B-Instruct,Estimated from text
2026-01-08T22:34:37.555437,5063,B,3316,509,3825,Qwen3-Next-80B-A3B-Instruct,Estimated from text
2026-01-08T22:34:48.109893,5064,S,1845,2022,3867,Qwen3-Next-80B-A3B-Instruct,Estimated from text
2026-01-08T22:34:51.728661,5064,A,5890,657,6547,Qwen3-Next-80B-A3B-Instruct,Estimated from text
2026-01-08T22:34:54.342451,5064,B,3275,456,3731,Qwen3-Next-80B-A3B-Instruct,Estimated from text
2026-01-08T22:35:05.807055,5065,S,1845,2000,3845,Qwen3-Next-80B-A3B-Instruct,Estimated from text
2026-01-08T22:35:11.028890,5065,A,5869,965,6834,Qwen3-Next-80B-A3B-Instruct,Estimated from text
2026-01-08T22:35:14.244673,5065,B,3582,610,4192,Qwen3-Next-80B-A3B-Instruct,Estimated from text
2026-01-08T22:35:24.297868,5066,S,1845,1923,3768,Qwen3-Next-80B-A3B-Instruct,Estimated from text
2026-01-08T22:35:28.620750,5066,A,5789,866,6655,Qwen3-Next-80B-A3B-Instruct,Estimated from text
2026-01-08T22:35:31.638546,5066,B,3483,614,4097,Qwen3-Next-80B-A3B-Instruct,Estimated from text
2026-01-08T22:35:41.803773,5067,S,1845,1815,3660,Qwen3-Next-80B-A3B-Instruct,Estimated from text
2026-01-08T22:35:45.119119,5067,A,5680,574,6254,Qwen3-Next-80B-A3B-Instruct,Estimated from text
2026-01-08T22:35:48.435299,5067,B,3192,544,3736,Qwen3-Next-80B-A3B-Instruct,Estimated from text
2026-01-08T22:35:59.101459,5068,S,1845,1995,3840,Qwen3-Next-80B-A3B-Instruct,Estimated from text
2026-01-08T22:36:04.126411,5068,A,5859,918,6777,Qwen3-Next-80B-A3B-Instruct,Estimated from text
2026-01-08T22:36:06.938392,5068,B,3535,425,3960,Qwen3-Next-80B-A3B-Instruct,Estimated from text
2026-01-08T22:36:14.997245,5069,S,1845,1479,3324,Qwen3-Next-80B-A3B-Instruct,Estimated from text
2026-01-08T22:36:20.318706,5069,A,5340,924,6264,Qwen3-Next-80B-A3B-Instruct,Estimated from text
2026-01-08T22:36:23.033666,5069,B,3540,388,3928,Qwen3-Next-80B-A3B-Instruct,Estimated from text
2026-01-08T22:36:32.901294,5070,S,1845,1892,3737,Qwen3-Next-80B-A3B-Instruct,Estimated from text
2026-01-08T22:36:36.918924,5070,A,5755,669,6424,Qwen3-Next-80B-A3B-Instruct,Estimated from text
2026-01-08T22:36:39.833802,5070,B,3285,519,3804,Qwen3-Next-80B-A3B-Instruct,Estimated from text
2026-01-08T22:36:49.289771,5071,S,1845,1621,3466,Qwen3-Next-80B-A3B-Instruct,Estimated from text
2026-01-08T22:36:55.114855,5071,A,5484,1005,6489,Qwen3-Next-80B-A3B-Instruct,Estimated from text
2026-01-08T22:36:58.028332,5071,B,3621,505,4126,Qwen3-Next-80B-A3B-Instruct,Estimated from text
2026-01-08T22:37:08.133340,5073,S,1845,1921,3766,Qwen3-Next-80B-A3B-Instruct,Estimated from text
2026-01-08T22:37:12.152711,5073,A,5786,675,6461,Qwen3-Next-80B-A3B-Instruct,Estimated from text
2026-01-08T22:37:15.070417,5073,B,3292,503,3795,Qwen3-Next-80B-A3B-Instruct,Estimated from text
2026-01-08T22:37:26.438203,5074,S,1845,2249,4094,Qwen3-Next-80B-A3B-Instruct,Estimated from text
2026-01-08T22:37:30.153925,5074,A,6119,651,6770,Qwen3-Next-80B-A3B-Instruct,Estimated from text
2026-01-08T22:37:33.271336,5074,B,3268,468,3736,Qwen3-Next-80B-A3B-Instruct,Estimated from text
2026-01-08T22:37:42.250087,5075,S,1845,1623,3468,Qwen3-Next-80B-A3B-Instruct,Estimated from text
2026-01-08T22:37:48.981140,5075,A,5486,1222,6708,Qwen3-Next-80B-A3B-Instruct,Estimated from text
2026-01-08T22:37:52.198254,5075,B,3839,552,4391,Qwen3-Next-80B-A3B-Instruct,Estimated from text
2026-01-08T22:38:01.962518,5076,S,1845,1803,3648,Qwen3-Next-80B-A3B-Instruct,Estimated from text
2026-01-08T22:38:06.787970,5076,A,5667,867,6534,Qwen3-Next-80B-A3B-Instruct,Estimated from text
2026-01-08T22:38:10.108486,5076,B,3484,495,3979,Qwen3-Next-80B-A3B-Instruct,Estimated from text
2026-01-08T22:38:21.681211,5077,S,1845,2157,4002,Qwen3-Next-80B-A3B-Instruct,Estimated from text
2026-01-08T22:38:26.201010,5077,A,6023,738,6761,Qwen3-Next-80B-A3B-Instruct,Estimated from text
2026-01-08T22:38:29.017047,5077,B,3355,442,3797,Qwen3-Next-80B-A3B-Instruct,Estimated from text
2026-01-08T22:38:38.577542,5078,S,1845,1797,3642,Qwen3-Next-80B-A3B-Instruct,Estimated from text
2026-01-08T22:38:43.302903,5078,A,5663,759,6422,Qwen3-Next-80B-A3B-Instruct,Estimated from text
2026-01-08T22:38:46.316764,5078,B,3375,466,3841,Qwen3-Next-80B-A3B-Instruct,Estimated from text
2026-01-08T22:38:56.179745,5079,S,1845,1914,3759,Qwen3-Next-80B-A3B-Instruct,Estimated from text
2026-01-08T22:39:00.399807,5079,A,5781,709,6490,Qwen3-Next-80B-A3B-Instruct,Estimated from text
2026-01-08T22:39:03.417836,5079,B,3326,438,3764,Qwen3-Next-80B-A3B-Instruct,Estimated from text
2026-01-08T22:39:13.891614,5081,S,1845,2015,3860,Qwen3-Next-80B-A3B-Instruct,Estimated from text
2026-01-08T22:39:18.412911,5081,A,5880,822,6702,Qwen3-Next-80B-A3B-Instruct,Estimated from text
2026-01-08T22:40:01.800977,5082,S,1845,1620,3465,Qwen3-Next-80B-A3B-Instruct,Estimated from text
2026-01-08T22:40:05.418788,5082,A,5484,575,6059,Qwen3-Next-80B-A3B-Instruct,Estimated from text
2026-01-08T22:40:08.234219,5082,B,3192,396,3588,Qwen3-Next-80B-A3B-Instruct,Estimated from text
2026-01-08T22:40:16.183858,5083,S,1845,1437,3282,Qwen3-Next-80B-A3B-Instruct,Estimated from text
2026-01-08T22:40:20.906659,5083,A,5299,752,6051,Qwen3-Next-80B-A3B-Instruct,Estimated from text
2026-01-08T22:40:24.524930,5083,B,3369,588,3957,Qwen3-Next-80B-A3B-Instruct,Estimated from text
2026-01-08T22:40:33.768071,5085,S,1845,1807,3652,Qwen3-Next-80B-A3B-Instruct,Estimated from text
2026-01-08T22:40:37.547689,5085,A,5678,684,6362,Qwen3-Next-80B-A3B-Instruct,Estimated from text
2026-01-08T22:40:40.373165,5085,B,3307,545,3852,Qwen3-Next-80B-A3B-Instruct,Estimated from text
2026-01-08T22:40:49.496040,5086,S,1845,1764,3609,Qwen3-Next-80B-A3B-Instruct,Estimated from text
2026-01-08T22:40:54.045160,5086,A,5637,783,6420,Qwen3-Next-80B-A3B-Instruct,Estimated from text
2026-01-08T22:40:57.489165,5086,B,3407,537,3944,Qwen3-Next-80B-A3B-Instruct,Estimated from text
2026-01-08T22:41:07.239916,5087,S,1845,1779,3624,Qwen3-Next-80B-A3B-Instruct,Estimated from text
2026-01-08T22:41:11.381072,5087,A,5644,702,6346,Qwen3-Next-80B-A3B-Instruct,Estimated from text
2026-01-08T22:41:14.127289,5087,B,3318,354,3672,Qwen3-Next-80B-A3B-Instruct,Estimated from text
2026-01-08T22:41:23.165114,5088,S,1845,1727,3572,Qwen3-Next-80B-A3B-Instruct,Estimated from text
2026-01-08T22:41:27.525886,5088,A,5589,721,6310,Qwen3-Next-80B-A3B-Instruct,Estimated from text
2026-01-08T22:41:30.558137,5088,B,3336,422,3758,Qwen3-Next-80B-A3B-Instruct,Estimated from text
2026-01-08T22:41:39.617514,5089,S,1845,1680,3525,Qwen3-Next-80B-A3B-Instruct,Estimated from text
2026-01-08T22:41:44.247194,5089,A,5541,815,6356,Qwen3-Next-80B-A3B-Instruct,Estimated from text
2026-01-08T22:41:47.361997,5089,B,3430,447,3877,Qwen3-Next-80B-A3B-Instruct,Estimated from text
2026-01-08T22:41:57.925813,5090,S,1845,2030,3875,Qwen3-Next-80B-A3B-Instruct,Estimated from text
2026-01-08T22:42:02.448570,5090,A,5896,691,6587,Qwen3-Next-80B-A3B-Instruct,Estimated from text
2026-01-08T22:42:05.161304,5090,B,3306,387,3693,Qwen3-Next-80B-A3B-Instruct,Estimated from text
2026-01-08T22:42:16.663633,5091,S,1845,2253,4098,Qwen3-Next-80B-A3B-Instruct,Estimated from text
2026-01-08T22:42:21.889798,5091,A,6123,981,7104,Qwen3-Next-80B-A3B-Instruct,Estimated from text
2026-01-08T22:42:27.215928,5091,B,3600,951,4551,Qwen3-Next-80B-A3B-Instruct,Estimated from text
2026-01-08T22:42:38.795663,5093,S,1845,2205,4050,Qwen3-Next-80B-A3B-Instruct,Estimated from text
2026-01-08T22:42:43.014103,5093,A,6076,728,6804,Qwen3-Next-80B-A3B-Instruct,Estimated from text
2026-01-08T22:42:46.633528,5093,B,3350,535,3885,Qwen3-Next-80B-A3B-Instruct,Estimated from text
2026-01-08T22:42:56.866349,5094,S,1845,1791,3636,Qwen3-Next-80B-A3B-Instruct,Estimated from text
2026-01-08T22:43:02.591342,5094,A,5656,1128,6784,Qwen3-Next-80B-A3B-Instruct,Estimated from text
2026-01-08T22:43:05.806530,5094,B,3745,549,4294,Qwen3-Next-80B-A3B-Instruct,Estimated from text
2026-01-08T22:43:14.157446,5095,S,1845,1568,3413,Qwen3-Next-80B-A3B-Instruct,Estimated from text
2026-01-08T22:43:18.576759,5095,A,5430,802,6232,Qwen3-Next-80B-A3B-Instruct,Estimated from text
2026-01-08T22:43:21.791004,5095,B,3419,528,3947,Qwen3-Next-80B-A3B-Instruct,Estimated from text
2026-01-08T22:43:34.725770,5096,S,1845,2259,4104,Qwen3-Next-80B-A3B-Instruct,Estimated from text
2026-01-08T22:43:39.545905,5096,A,6131,832,6963,Qwen3-Next-80B-A3B-Instruct,Estimated from text
2026-01-08T22:43:42.359438,5096,B,3449,440,3889,Qwen3-Next-80B-A3B-Instruct,Estimated from text
2026-01-08T22:43:53.935030,5097,S,1845,2151,3996,Qwen3-Next-80B-A3B-Instruct,Estimated from text
2026-01-08T22:43:58.960227,5097,A,6022,810,6832,Qwen3-Next-80B-A3B-Instruct,Estimated from text
2026-01-08T22:44:01.977667,5097,B,3427,457,3884,Qwen3-Next-80B-A3B-Instruct,Estimated from text
2026-01-08T22:44:12.746646,5098,S,1845,2068,3913,Qwen3-Next-80B-A3B-Instruct,Estimated from text
2026-01-08T22:44:17.165814,5098,A,5936,689,6625,Qwen3-Next-80B-A3B-Instruct,Estimated from text
2026-01-08T22:44:20.580054,5098,B,3306,552,3858,Qwen3-Next-80B-A3B-Instruct,Estimated from text
2026-01-08T22:44:29.035196,5099,S,1845,1548,3393,Qwen3-Next-80B-A3B-Instruct,Estimated from text
2026-01-08T22:44:33.654000,5099,A,5409,871,6280,Qwen3-Next-80B-A3B-Instruct,Estimated from text
2026-01-08T22:44:36.568992,5099,B,3488,484,3972,Qwen3-Next-80B-A3B-Instruct,Estimated from text
2026-01-08T22:44:47.522965,5100,S,1845,2007,3852,Qwen3-Next-80B-A3B-Instruct,Estimated from text
2026-01-08T22:44:51.644480,5100,A,5874,740,6614,Qwen3-Next-80B-A3B-Instruct,Estimated from text
2026-01-08T22:44:55.060457,5100,B,3357,504,3861,Qwen3-Next-80B-A3B-Instruct,Estimated from text
2026-01-08T22:45:06.321399,5102,S,1845,2218,4063,Qwen3-Next-80B-A3B-Instruct,Estimated from text
2026-01-08T22:45:10.138291,5102,A,6093,678,6771,Qwen3-Next-80B-A3B-Instruct,Estimated from text
2026-01-08T22:45:13.150724,5102,B,3300,501,3801,Qwen3-Next-80B-A3B-Instruct,Estimated from text
2026-01-08T22:45:24.625894,5103,S,1845,1836,3681,Qwen3-Next-80B-A3B-Instruct,Estimated from text
2026-01-08T22:45:29.250614,5103,A,5703,801,6504,Qwen3-Next-80B-A3B-Instruct,Estimated from text
2026-01-08T22:45:32.765755,5103,B,3420,576,3996,Qwen3-Next-80B-A3B-Instruct,Estimated from text
2026-01-08T22:45:42.122719,5104,S,1845,1646,3491,Qwen3-Next-80B-A3B-Instruct,Estimated from text
2026-01-08T22:45:46.945931,5104,A,5511,842,6353,Qwen3-Next-80B-A3B-Instruct,Estimated from text
2026-01-08T22:45:50.463010,5104,B,3460,510,3970,Qwen3-Next-80B-A3B-Instruct,Estimated from text
2026-01-08T22:46:01.151300,5106,S,1845,2022,3867,Qwen3-Next-80B-A3B-Instruct,Estimated from text
2026-01-08T22:46:05.672453,5106,A,5902,848,6750,Qwen3-Next-80B-A3B-Instruct,Estimated from text
2026-01-08T22:46:08.585682,5106,B,3476,479,3955,Qwen3-Next-80B-A3B-Instruct,Estimated from text
2026-01-08T22:46:19.039368,5107,S,1845,1761,3606,Qwen3-Next-80B-A3B-Instruct,Estimated from text
2026-01-08T22:46:24.058369,5107,A,5636,858,6494,Qwen3-Next-80B-A3B-Instruct,Estimated from text
2026-01-08T22:46:27.473204,5107,B,3480,590,4070,Qwen3-Next-80B-A3B-Instruct,Estimated from text
2026-01-08T22:46:37.155211,5108,S,1845,1791,3636,Qwen3-Next-80B-A3B-Instruct,Estimated from text
2026-01-08T22:46:41.946921,5108,A,5660,682,6342,Qwen3-Next-80B-A3B-Instruct,Estimated from text
2026-01-08T22:46:46.074998,5108,B,3305,624,3929,Qwen3-Next-80B-A3B-Instruct,Estimated from text
2026-01-08T22:46:55.049038,5109,S,1845,1658,3503,Qwen3-Next-80B-A3B-Instruct,Estimated from text
2026-01-08T22:46:59.870187,5109,A,5526,870,6396,Qwen3-Next-80B-A3B-Instruct,Estimated from text
2026-01-08T22:47:04.692176,5109,B,3493,870,4363,Qwen3-Next-80B-A3B-Instruct,Estimated from text
2026-01-08T22:47:14.943498,5110,S,1845,1868,3713,Qwen3-Next-80B-A3B-Instruct,Estimated from text
2026-01-08T22:47:20.367745,5110,A,5739,1086,6825,Qwen3-Next-80B-A3B-Instruct,Estimated from text
2026-01-08T22:47:23.582573,5110,B,3709,584,4293,Qwen3-Next-80B-A3B-Instruct,Estimated from text
2026-01-08T22:47:33.833296,5111,S,1845,2071,3916,Qwen3-Next-80B-A3B-Instruct,Estimated from text
2026-01-08T22:47:37.349408,5111,A,5943,597,6540,Qwen3-Next-80B-A3B-Instruct,Estimated from text
2026-01-08T22:47:40.264396,5111,B,3220,493,3713,Qwen3-Next-80B-A3B-Instruct,Estimated from text
2026-01-08T22:47:49.132195,5112,S,1845,1584,3429,Qwen3-Next-80B-A3B-Instruct,Estimated from text
2026-01-08T22:47:52.950746,5112,A,5451,758,6209,Qwen3-Next-80B-A3B-Instruct,Estimated from text
2026-01-08T22:47:56.484236,5112,B,3381,591,3972,Qwen3-Next-80B-A3B-Instruct,Estimated from text
2026-01-08T22:48:05.462885,5113,S,1845,1533,3378,Qwen3-Next-80B-A3B-Instruct,Estimated from text
2026-01-08T22:48:10.409157,5113,A,5400,877,6277,Qwen3-Next-80B-A3B-Instruct,Estimated from text
2026-01-08T22:48:13.842173,5113,B,3500,550,4050,Qwen3-Next-80B-A3B-Instruct,Estimated from text
2026-01-08T22:48:23.027340,5114,S,1845,1629,3474,Qwen3-Next-80B-A3B-Instruct,Estimated from text
2026-01-08T22:48:28.794908,5114,A,5500,1077,6577,Qwen3-Next-80B-A3B-Instruct,Estimated from text
2026-01-08T22:48:31.845222,5114,B,3700,483,4183,Qwen3-Next-80B-A3B-Instruct,Estimated from text
2026-01-08T22:48:43.220283,5115,S,1845,2059,3904,Qwen3-Next-80B-A3B-Instruct,Estimated from text
2026-01-08T22:48:48.744328,5115,A,5934,1029,6963,Qwen3-Next-80B-A3B-Instruct,Estimated from text
2026-01-08T22:48:51.760077,5115,B,3652,443,4095,Qwen3-Next-80B-A3B-Instruct,Estimated from text
2026-01-08T22:49:01.914837,5117,S,1845,1806,3651,Qwen3-Next-80B-A3B-Instruct,Estimated from text
2026-01-08T22:49:05.330769,5117,A,5685,626,6311,Qwen3-Next-80B-A3B-Instruct,Estimated from text
2026-01-08T22:49:08.145526,5117,B,3254,455,3709,Qwen3-Next-80B-A3B-Instruct,Estimated from text
2026-01-08T22:49:18.332103,5118,S,1845,1844,3689,Qwen3-Next-80B-A3B-Instruct,Estimated from text
2026-01-08T22:49:22.552378,5118,A,5717,728,6445,Qwen3-Next-80B-A3B-Instruct,Estimated from text
2026-01-08T22:49:25.466029,5118,B,3351,474,3825,Qwen3-Next-80B-A3B-Instruct,Estimated from text
2026-01-08T22:49:35.427310,5119,S,1845,1771,3616,Qwen3-Next-80B-A3B-Instruct,Estimated from text
2026-01-08T22:49:39.045055,5119,A,5643,661,6304,Qwen3-Next-80B-A3B-Instruct,Estimated from text
2026-01-08T22:49:42.158253,5119,B,3284,544,3828,Qwen3-Next-80B-A3B-Instruct,Estimated from text
2026-01-08T22:49:53.165731,5121,S,1845,2249,4094,Qwen3-Next-80B-A3B-Instruct,Estimated from text
2026-01-08T22:49:57.786708,5121,A,6129,790,6919,Qwen3-Next-80B-A3B-Instruct,Estimated from text
2026-01-08T22:50:43.181682,5122,S,1845,2307,4152,Qwen3-Next-80B-A3B-Instruct,Estimated from text
2026-01-08T22:50:47.599835,5122,A,6187,738,6925,Qwen3-Next-80B-A3B-Instruct,Estimated from text
2026-01-08T22:50:50.614764,5122,B,3366,508,3874,Qwen3-Next-80B-A3B-Instruct,Estimated from text
2026-01-08T22:51:03.342302,5123,S,1845,2311,4156,Qwen3-Next-80B-A3B-Instruct,Estimated from text
2026-01-08T22:51:09.440294,5123,A,6196,1067,7263,Qwen3-Next-80B-A3B-Instruct,Estimated from text
2026-01-08T22:51:12.663129,5123,B,3695,538,4233,Qwen3-Next-80B-A3B-Instruct,Estimated from text
2026-01-08T22:51:20.816293,5124,S,1845,1479,3324,Qwen3-Next-80B-A3B-Instruct,Estimated from text
2026-01-08T22:51:25.739080,5124,A,5352,903,6255,Qwen3-Next-80B-A3B-Instruct,Estimated from text
2026-01-08T22:51:29.161936,5124,B,3531,603,4134,Qwen3-Next-80B-A3B-Instruct,Estimated from text
2026-01-08T22:51:39.382206,5125,S,1845,1592,3437,Qwen3-Next-80B-A3B-Instruct,Estimated from text
2026-01-08T22:51:42.606335,5125,A,5465,549,6014,Qwen3-Next-80B-A3B-Instruct,Estimated from text
2026-01-08T22:52:27.534219,5126,S,1845,2209,4054,Qwen3-Next-80B-A3B-Instruct,Estimated from text
2026-01-08T22:52:31.754625,5126,A,6090,821,6911,Qwen3-Next-80B-A3B-Instruct,Estimated from text
2026-01-08T22:52:34.770025,5126,B,3449,580,4029,Qwen3-Next-80B-A3B-Instruct,Estimated from text
2026-01-08T22:52:45.451543,5127,S,1845,1899,3744,Qwen3-Next-80B-A3B-Instruct,Estimated from text
2026-01-08T22:52:48.970411,5127,A,5778,612,6390,Qwen3-Next-80B-A3B-Instruct,Estimated from text
2026-01-08T22:52:53.192179,5127,B,3240,465,3705,Qwen3-Next-80B-A3B-Instruct,Estimated from text
2026-01-08T22:53:04.661195,5128,S,1845,2169,4014,Qwen3-Next-80B-A3B-Instruct,Estimated from text
2026-01-08T22:53:08.078115,5128,A,6041,501,6542,Qwen3-Next-80B-A3B-Instruct,Estimated from text
2026-01-08T22:53:10.894414,5128,B,3126,439,3565,Qwen3-Next-80B-A3B-Instruct,Estimated from text
2026-01-08T22:53:20.771611,5130,S,1845,1806,3651,Qwen3-Next-80B-A3B-Instruct,Estimated from text
2026-01-08T22:53:25.496312,5130,A,5689,842,6531,Qwen3-Next-80B-A3B-Instruct,Estimated from text
2026-01-08T22:53:28.111150,5130,B,3476,368,3844,Qwen3-Next-80B-A3B-Instruct,Estimated from text
2026-01-08T22:53:39.690920,5131,S,1845,2165,4010,Qwen3-Next-80B-A3B-Instruct,Estimated from text
2026-01-08T22:53:44.616320,5131,A,6044,792,6836,Qwen3-Next-80B-A3B-Instruct,Estimated from text
2026-01-08T22:53:47.732326,5131,B,3418,583,4001,Qwen3-Next-80B-A3B-Instruct,Estimated from text
2026-01-08T22:53:56.690886,5132,S,1845,1676,3521,Qwen3-Next-80B-A3B-Instruct,Estimated from text
2026-01-08T22:54:00.907456,5132,A,5549,672,6221,Qwen3-Next-80B-A3B-Instruct,Estimated from text
2026-01-08T22:54:03.620328,5132,B,3298,416,3714,Qwen3-Next-80B-A3B-Instruct,Estimated from text
2026-01-08T22:54:15.592921,5133,S,1845,2334,4179,Qwen3-Next-80B-A3B-Instruct,Estimated from text
2026-01-08T22:54:20.315107,5133,A,6213,772,6985,Qwen3-Next-80B-A3B-Instruct,Estimated from text
2026-01-08T22:54:23.329533,5133,B,3398,474,3872,Qwen3-Next-80B-A3B-Instruct,Estimated from text
2026-01-08T22:54:33.891121,5134,S,1845,2055,3900,Qwen3-Next-80B-A3B-Instruct,Estimated from text
2026-01-08T22:54:37.611519,5134,A,5931,650,6581,Qwen3-Next-80B-A3B-Instruct,Estimated from text
2026-01-08T22:54:41.027846,5134,B,3276,543,3819,Qwen3-Next-80B-A3B-Instruct,Estimated from text
2026-01-08T22:54:53.704683,5135,S,1845,2442,4287,Qwen3-Next-80B-A3B-Instruct,Estimated from text
2026-01-08T22:55:01.041117,5135,A,6324,1385,7709,Qwen3-Next-80B-A3B-Instruct,Estimated from text
2026-01-08T22:55:04.457859,5135,B,4011,518,4529,Qwen3-Next-80B-A3B-Instruct,Estimated from text
2026-01-08T22:55:13.009144,5136,S,1845,1719,3564,Qwen3-Next-80B-A3B-Instruct,Estimated from text
2026-01-08T22:55:17.833390,5136,A,5592,834,6426,Qwen3-Next-80B-A3B-Instruct,Estimated from text
2026-01-08T22:55:20.851594,5136,B,3459,558,4017,Qwen3-Next-80B-A3B-Instruct,Estimated from text
2026-01-08T22:55:31.149680,5138,S,1845,1890,3735,Qwen3-Next-80B-A3B-Instruct,Estimated from text
2026-01-08T22:55:36.071284,5138,A,5773,932,6705,Qwen3-Next-80B-A3B-Instruct,Estimated from text
2026-01-08T22:55:39.122281,5138,B,3564,543,4107,Qwen3-Next-80B-A3B-Instruct,Estimated from text
2026-01-08T22:55:50.144153,5139,S,1845,2178,4023,Qwen3-Next-80B-A3B-Instruct,Estimated from text
2026-01-08T22:55:54.282629,5139,A,6057,672,6729,Qwen3-Next-80B-A3B-Instruct,Estimated from text
2026-01-08T22:55:57.709753,5139,B,3300,498,3798,Qwen3-Next-80B-A3B-Instruct,Estimated from text
2026-01-08T22:56:08.501425,5141,S,1845,1966,3811,Qwen3-Next-80B-A3B-Instruct,Estimated from text
2026-01-08T22:56:13.023843,5141,A,5852,837,6689,Qwen3-Next-80B-A3B-Instruct,Estimated from text
2026-01-08T22:56:16.138953,5141,B,3471,570,4041,Qwen3-Next-80B-A3B-Instruct,Estimated from text
2026-01-08T22:56:27.909181,5142,S,1845,2315,4160,Qwen3-Next-80B-A3B-Instruct,Estimated from text
2026-01-08T22:56:32.734359,5142,A,6202,877,7079,Qwen3-Next-80B-A3B-Instruct,Estimated from text
2026-01-08T22:56:36.051062,5142,B,3511,574,4085,Qwen3-Next-80B-A3B-Instruct,Estimated from text
2026-01-08T22:56:46.818467,5143,S,1845,1993,3838,Qwen3-Next-80B-A3B-Instruct,Estimated from text
2026-01-08T22:56:51.440898,5143,A,5877,837,6714,Qwen3-Next-80B-A3B-Instruct,Estimated from text
2026-01-08T22:56:54.555555,5143,B,3471,488,3959,Qwen3-Next-80B-A3B-Instruct,Estimated from text
2026-01-08T22:57:05.732395,5144,S,1845,2054,3899,Qwen3-Next-80B-A3B-Instruct,Estimated from text
2026-01-08T22:57:11.657057,5144,A,5938,1089,7027,Qwen3-Next-80B-A3B-Instruct,Estimated from text
2026-01-08T22:57:14.572138,5144,B,3722,489,4211,Qwen3-Next-80B-A3B-Instruct,Estimated from text
2026-01-08T22:57:23.638285,5145,S,1845,1770,3615,Qwen3-Next-80B-A3B-Instruct,Estimated from text
2026-01-08T22:57:28.060596,5145,A,5649,705,6354,Qwen3-Next-80B-A3B-Instruct,Estimated from text
2026-01-08T22:57:30.775788,5145,B,3339,428,3767,Qwen3-Next-80B-A3B-Instruct,Estimated from text
2026-01-08T22:57:40.727047,5146,S,1845,1642,3487,Qwen3-Next-80B-A3B-Instruct,Estimated from text
2026-01-08T22:57:44.646637,5146,A,5524,595,6119,Qwen3-Next-80B-A3B-Instruct,Estimated from text
2026-01-08T22:57:47.460972,5146,B,3228,489,3717,Qwen3-Next-80B-A3B-Instruct,Estimated from text
2026-01-08T22:57:56.206568,5147,S,1845,1585,3430,Qwen3-Next-80B-A3B-Instruct,Estimated from text
2026-01-08T22:58:00.426647,5147,A,5463,805,6268,Qwen3-Next-80B-A3B-Instruct,Estimated from text
2026-01-08T22:58:02.941808,5147,B,3438,469,3907,Qwen3-Next-80B-A3B-Instruct,Estimated from text
2026-01-08T22:58:12.820223,5149,S,1845,1836,3681,Qwen3-Next-80B-A3B-Instruct,Estimated from text
2026-01-08T22:58:16.637253,5149,A,5723,645,6368,Qwen3-Next-80B-A3B-Instruct,Estimated from text
2026-01-08T22:58:20.152794,5149,B,3279,546,3825,Qwen3-Next-80B-A3B-Instruct,Estimated from text
2026-01-08T22:58:29.002332,5150,S,1845,1559,3404,Qwen3-Next-80B-A3B-Instruct,Estimated from text
2026-01-08T22:58:33.825048,5150,A,5436,844,6280,Qwen3-Next-80B-A3B-Instruct,Estimated from text
2026-01-08T22:58:37.041762,5150,B,3477,504,3981,Qwen3-Next-80B-A3B-Instruct,Estimated from text
2026-01-08T22:58:51.012618,5151,S,1845,2845,4690,Qwen3-Next-80B-A3B-Instruct,Estimated from text
2026-01-08T22:58:55.230811,5151,A,6735,687,7422,Qwen3-Next-80B-A3B-Instruct,Estimated from text
2026-01-08T22:58:58.247052,5151,B,3320,471,3791,Qwen3-Next-80B-A3B-Instruct,Estimated from text
2026-01-08T22:59:08.935436,5152,S,1845,1899,3744,Qwen3-Next-80B-A3B-Instruct,Estimated from text
2026-01-08T22:59:13.957629,5152,A,5781,907,6688,Qwen3-Next-80B-A3B-Instruct,Estimated from text
2026-01-08T22:59:16.769225,5152,B,3540,413,3953,Qwen3-Next-80B-A3B-Instruct,Estimated from text
2026-01-08T22:59:27.039971,5153,S,1845,1991,3836,Qwen3-Next-80B-A3B-Instruct,Estimated from text
2026-01-08T22:59:31.460945,5153,A,5873,789,6662,Qwen3-Next-80B-A3B-Instruct,Estimated from text
2026-01-08T22:59:34.577167,5153,B,3423,495,3918,Qwen3-Next-80B-A3B-Instruct,Estimated from text
2026-01-08T22:59:44.546494,5154,S,1845,1807,3652,Qwen3-Next-80B-A3B-Instruct,Estimated from text
2026-01-08T22:59:48.267806,5154,A,5689,618,6307,Qwen3-Next-80B-A3B-Instruct,Estimated from text
2026-01-08T22:59:51.281368,5154,B,3252,484,3736,Qwen3-Next-80B-A3B-Instruct,Estimated from text
2026-01-08T23:00:01.334166,5155,S,1845,2002,3847,Qwen3-Next-80B-A3B-Instruct,Estimated from text
2026-01-08T23:00:05.152805,5155,A,5884,603,6487,Qwen3-Next-80B-A3B-Instruct,Estimated from text
2026-01-08T23:00:08.166886,5155,B,3236,454,3690,Qwen3-Next-80B-A3B-Instruct,Estimated from text
2026-01-08T23:00:18.840579,5156,S,1845,2184,4029,Qwen3-Next-80B-A3B-Instruct,Estimated from text
2026-01-08T23:00:23.563551,5156,A,6067,827,6894,Qwen3-Next-80B-A3B-Instruct,Estimated from text
2026-01-08T23:00:26.478677,5156,B,3460,445,3905,Qwen3-Next-80B-A3B-Instruct,Estimated from text
2026-01-08T23:00:37.332793,5157,S,1845,2002,3847,Qwen3-Next-80B-A3B-Instruct,Estimated from text
2026-01-08T23:00:41.550876,5157,A,5885,688,6573,Qwen3-Next-80B-A3B-Instruct,Estimated from text
2026-01-08T23:00:44.670273,5157,B,3321,510,3831,Qwen3-Next-80B-A3B-Instruct,Estimated from text
2026-01-08T23:00:54.732417,5159,S,1845,1899,3744,Qwen3-Next-80B-A3B-Instruct,Estimated from text
2026-01-08T23:00:58.451372,5159,A,5783,723,6506,Qwen3-Next-80B-A3B-Instruct,Estimated from text
2026-01-08T23:01:00.965181,5159,B,3357,376,3733,Qwen3-Next-80B-A3B-Instruct,Estimated from text
2026-01-08T23:01:11.945260,5160,S,1845,2105,3950,Qwen3-Next-80B-A3B-Instruct,Estimated from text
2026-01-08T23:01:15.968924,5160,A,5989,712,6701,Qwen3-Next-80B-A3B-Instruct,Estimated from text
2026-01-08T23:01:18.783119,5160,B,3345,465,3810,Qwen3-Next-80B-A3B-Instruct,Estimated from text
2026-01-08T23:01:28.294247,5161,S,1845,1864,3709,Qwen3-Next-80B-A3B-Instruct,Estimated from text
2026-01-08T23:01:32.211514,5161,A,5746,695,6441,Qwen3-Next-80B-A3B-Instruct,Estimated from text
2026-01-08T23:01:34.925402,5161,B,3328,378,3706,Qwen3-Next-80B-A3B-Instruct,Estimated from text
2026-01-08T23:01:42.771440,5162,S,1845,1409,3254,Qwen3-Next-80B-A3B-Instruct,Estimated from text
2026-01-08T23:01:46.791690,5162,A,5287,588,5875,Qwen3-Next-80B-A3B-Instruct,Estimated from text
2026-01-08T23:01:49.706711,5162,B,3221,489,3710,Qwen3-Next-80B-A3B-Instruct,Estimated from text
2026-01-08T23:02:00.190542,5163,S,1845,1722,3567,Qwen3-Next-80B-A3B-Instruct,Estimated from text
2026-01-08T23:02:04.609551,5163,A,5602,657,6259,Qwen3-Next-80B-A3B-Instruct,Estimated from text
2026-01-08T23:02:07.725448,5163,B,3291,503,3794,Qwen3-Next-80B-A3B-Instruct,Estimated from text
2026-01-08T23:02:16.175217,5164,S,1845,1575,3420,Qwen3-Next-80B-A3B-Instruct,Estimated from text
2026-01-08T23:02:20.296081,5164,A,5454,767,6221,Qwen3-Next-80B-A3B-Instruct,Estimated from text
2026-01-08T23:02:23.512211,5164,B,3400,568,3968,Qwen3-Next-80B-A3B-Instruct,Estimated from text
2026-01-08T23:02:32.880600,5165,S,1845,1829,3674,Qwen3-Next-80B-A3B-Instruct,Estimated from text
2026-01-08T23:02:37.300354,5165,A,5709,742,6451,Qwen3-Next-80B-A3B-Instruct,Estimated from text
2026-01-08T23:02:40.118566,5165,B,3375,435,3810,Qwen3-Next-80B-A3B-Instruct,Estimated from text
2026-01-08T23:02:51.095520,5166,S,1845,2205,4050,Qwen3-Next-80B-A3B-Instruct,Estimated from text
2026-01-08T23:02:56.017497,5166,A,6089,1003,7092,Qwen3-Next-80B-A3B-Instruct,Estimated from text
2026-01-08T23:02:59.130806,5166,B,3636,570,4206,Qwen3-Next-80B-A3B-Instruct,Estimated from text
2026-01-08T23:03:08.591107,5167,S,1845,1873,3718,Qwen3-Next-80B-A3B-Instruct,Estimated from text
2026-01-08T23:03:12.307606,5167,A,5754,644,6398,Qwen3-Next-80B-A3B-Instruct,Estimated from text
2026-01-08T23:03:15.326970,5167,B,3277,507,3784,Qwen3-Next-80B-A3B-Instruct,Estimated from text
2026-01-08T23:03:24.686077,5168,S,1845,1905,3750,Qwen3-Next-80B-A3B-Instruct,Estimated from text
2026-01-08T23:03:29.006400,5168,A,5784,666,6450,Qwen3-Next-80B-A3B-Instruct,Estimated from text
2026-01-08T23:03:32.529018,5168,B,3300,575,3875,Qwen3-Next-80B-A3B-Instruct,Estimated from text
2026-01-08T23:03:42.084198,5169,S,1845,1698,3543,Qwen3-Next-80B-A3B-Instruct,Estimated from text
2026-01-08T23:03:46.214646,5169,A,5578,667,6245,Qwen3-Next-80B-A3B-Instruct,Estimated from text
2026-01-08T23:03:50.433258,5169,B,3300,762,4062,Qwen3-Next-80B-A3B-Instruct,Estimated from text
2026-01-08T23:03:59.892584,5170,S,1845,1665,3510,Qwen3-Next-80B-A3B-Instruct,Estimated from text
2026-01-08T23:04:04.613505,5170,A,5548,774,6322,Qwen3-Next-80B-A3B-Instruct,Estimated from text
2026-01-08T23:04:07.932220,5170,B,3408,560,3968,Qwen3-Next-80B-A3B-Instruct,Estimated from text
2026-01-08T23:04:17.901350,5171,S,1845,1860,3705,Qwen3-Next-80B-A3B-Instruct,Estimated from text
2026-01-08T23:04:22.626194,5171,A,5741,889,6630,Qwen3-Next-80B-A3B-Instruct,Estimated from text
2026-01-08T23:04:25.542403,5171,B,3522,451,3973,Qwen3-Next-80B-A3B-Instruct,Estimated from text
2026-01-08T23:04:35.529790,5172,S,1845,1830,3675,Qwen3-Next-80B-A3B-Instruct,Estimated from text
2026-01-08T23:04:40.353260,5172,A,5716,867,6583,Qwen3-Next-80B-A3B-Instruct,Estimated from text
2026-01-08T23:04:43.467740,5172,B,3500,468,3968,Qwen3-Next-80B-A3B-Instruct,Estimated from text
2026-01-08T23:04:53.130995,5173,S,1845,1751,3596,Qwen3-Next-80B-A3B-Instruct,Estimated from text
2026-01-08T23:04:57.351685,5173,A,5628,768,6396,Qwen3-Next-80B-A3B-Instruct,Estimated from text
2026-01-08T23:05:00.369988,5173,B,3401,473,3874,Qwen3-Next-80B-A3B-Instruct,Estimated from text
2026-01-08T23:05:12.038761,5174,S,1845,2220,4065,Qwen3-Next-80B-A3B-Instruct,Estimated from text
2026-01-08T23:05:16.158955,5174,A,6106,726,6832,Qwen3-Next-80B-A3B-Instruct,Estimated from text
2026-01-08T23:05:19.173381,5174,B,3360,451,3811,Qwen3-Next-80B-A3B-Instruct,Estimated from text
2026-01-08T23:05:28.033324,5175,S,1845,1601,3446,Qwen3-Next-80B-A3B-Instruct,Estimated from text
2026-01-08T23:05:32.556153,5175,A,5481,867,6348,Qwen3-Next-80B-A3B-Instruct,Estimated from text
2026-01-08T23:05:35.671000,5175,B,3501,475,3976,Qwen3-Next-80B-A3B-Instruct,Estimated from text
2026-01-08T23:05:45.627527,5176,S,1845,1901,3746,Qwen3-Next-80B-A3B-Instruct,Estimated from text
2026-01-08T23:05:50.748655,5176,A,5781,972,6753,Qwen3-Next-80B-A3B-Instruct,Estimated from text
2026-01-08T23:05:54.066220,5176,B,3605,536,4141,Qwen3-Next-80B-A3B-Instruct,Estimated from text
2026-01-08T23:06:05.044894,5177,S,1845,1983,3828,Qwen3-Next-80B-A3B-Instruct,Estimated from text
2026-01-08T23:06:10.875100,5177,A,5868,810,6678,Qwen3-Next-80B-A3B-Instruct,Estimated from text
2026-01-08T23:06:15.194894,5177,B,3444,579,4023,Qwen3-Next-80B-A3B-Instruct,Estimated from text
2026-01-08T23:06:24.445722,5178,S,1845,1650,3495,Qwen3-Next-80B-A3B-Instruct,Estimated from text
2026-01-08T23:06:34.388518,5178,A,5529,846,6375,Qwen3-Next-80B-A3B-Instruct,Estimated from text
2026-01-08T23:06:40.818639,5178,B,3479,534,4013,Qwen3-Next-80B-A3B-Instruct,Estimated from text
2026-01-08T23:07:02.015690,5179,S,1845,1704,3549,Qwen3-Next-80B-A3B-Instruct,Estimated from text
2026-01-08T23:07:11.555143,5179,A,5585,1125,6710,Qwen3-Next-80B-A3B-Instruct,Estimated from text
2026-01-08T23:07:15.976141,5179,B,3759,564,4323,Qwen3-Next-80B-A3B-Instruct,Estimated from text
2026-01-08T23:07:25.545079,5180,S,1845,1746,3591,Qwen3-Next-80B-A3B-Instruct,Estimated from text
2026-01-08T23:07:30.163564,5180,A,5628,742,6370,Qwen3-Next-80B-A3B-Instruct,Estimated from text
2026-01-08T23:07:33.277830,5180,B,3375,453,3828,Qwen3-Next-80B-A3B-Instruct,Estimated from text
2026-01-08T23:07:44.139317,5181,S,1845,1858,3703,Qwen3-Next-80B-A3B-Instruct,Estimated from text
2026-01-08T23:07:48.859750,5181,A,5738,752,6490,Qwen3-Next-80B-A3B-Instruct,Estimated from text
2026-01-08T23:07:52.075432,5181,B,3385,552,3937,Qwen3-Next-80B-A3B-Instruct,Estimated from text
2026-01-08T23:08:02.826284,5182,S,1845,1959,3804,Qwen3-Next-80B-A3B-Instruct,Estimated from text
2026-01-08T23:08:06.843521,5182,A,5839,621,6460,Qwen3-Next-80B-A3B-Instruct,Estimated from text
2026-01-08T23:08:10.159435,5182,B,3254,530,3784,Qwen3-Next-80B-A3B-Instruct,Estimated from text
2026-01-08T23:08:21.515870,5183,S,1845,2208,4053,Qwen3-Next-80B-A3B-Instruct,Estimated from text
2026-01-08T23:08:58.770271,5183,A,6092,879,6971,Qwen3-Next-80B-A3B-Instruct,Estimated from text
2026-01-08T23:09:18.854823,5183,B,3512,575,4087,Qwen3-Next-80B-A3B-Instruct,Estimated from text
2026-01-08T23:09:59.528480,5184,S,1845,1931,3776,Qwen3-Next-80B-A3B-Instruct,Estimated from text
2026-01-08T23:10:09.869545,5184,A,5812,969,6781,Qwen3-Next-80B-A3B-Instruct,Estimated from text
2026-01-08T23:10:13.989920,5184,B,3603,436,4039,Qwen3-Next-80B-A3B-Instruct,Estimated from text
2026-01-08T23:10:26.982549,5185,S,1845,1785,3630,Qwen3-Next-80B-A3B-Instruct,Estimated from text
2026-01-08T23:10:31.302389,5185,A,5668,651,6319,Qwen3-Next-80B-A3B-Instruct,Estimated from text
2026-01-08T23:10:34.515987,5185,B,3285,497,3782,Qwen3-Next-80B-A3B-Instruct,Estimated from text
2026-01-08T23:10:46.192600,5186,S,1845,1835,3680,Qwen3-Next-80B-A3B-Instruct,Estimated from text
2026-01-08T23:10:50.410307,5186,A,5715,726,6441,Qwen3-Next-80B-A3B-Instruct,Estimated from text
2026-01-08T23:10:53.826961,5186,B,3359,446,3805,Qwen3-Next-80B-A3B-Instruct,Estimated from text
2026-01-08T23:11:08.896851,5187,S,1845,2334,4179,Qwen3-Next-80B-A3B-Instruct,Estimated from text
2026-01-08T23:11:13.014625,5187,A,6222,657,6879,Qwen3-Next-80B-A3B-Instruct,Estimated from text
2026-01-08T23:11:16.329741,5187,B,3290,561,3851,Qwen3-Next-80B-A3B-Instruct,Estimated from text
2026-01-08T23:11:25.496301,5188,S,1845,1575,3420,Qwen3-Next-80B-A3B-Instruct,Estimated from text
2026-01-08T23:11:29.817917,5188,A,5456,849,6305,Qwen3-Next-80B-A3B-Instruct,Estimated from text
2026-01-08T23:11:33.135435,5188,B,3483,580,4063,Qwen3-Next-80B-A3B-Instruct,Estimated from text
2026-01-08T23:11:41.537054,5189,S,1845,1578,3423,Qwen3-Next-80B-A3B-Instruct,Estimated from text
2026-01-08T23:11:45.556833,5189,A,5454,690,6144,Qwen3-Next-80B-A3B-Instruct,Estimated from text
2026-01-08T23:11:48.971820,5189,B,3324,537,3861,Qwen3-Next-80B-A3B-Instruct,Estimated from text
2026-01-08T23:11:58.557952,5190,S,1845,1749,3594,Qwen3-Next-80B-A3B-Instruct,Estimated from text
2026-01-08T23:12:04.884489,5190,A,5631,962,6593,Qwen3-Next-80B-A3B-Instruct,Estimated from text
2026-01-08T23:12:08.502384,5190,B,3595,455,4050,Qwen3-Next-80B-A3B-Instruct,Estimated from text
2026-01-08T23:12:17.579686,5191,S,1845,1582,3427,Qwen3-Next-80B-A3B-Instruct,Estimated from text
2026-01-08T23:12:28.632538,5191,A,5461,828,6289,Qwen3-Next-80B-A3B-Instruct,Estimated from text
2026-01-08T23:12:32.651790,5191,B,3461,466,3927,Qwen3-Next-80B-A3B-Instruct,Estimated from text
2026-01-08T23:12:45.865650,5192,S,1845,1972,3817,Qwen3-Next-80B-A3B-Instruct,Estimated from text
2026-01-08T23:12:52.092391,5192,A,5855,810,6665,Qwen3-Next-80B-A3B-Instruct,Estimated from text
2026-01-08T23:12:56.011625,5192,B,3444,434,3878,Qwen3-Next-80B-A3B-Instruct,Estimated from text
2026-01-08T23:13:06.396248,5193,S,1845,1696,3541,Qwen3-Next-80B-A3B-Instruct,Estimated from text
2026-01-08T23:13:12.023439,5193,A,5576,792,6368,Qwen3-Next-80B-A3B-Instruct,Estimated from text
2026-01-08T23:13:15.043472,5193,B,3426,474,3900,Qwen3-Next-80B-A3B-Instruct,Estimated from text
2026-01-08T23:13:24.151207,5194,S,1845,1662,3507,Qwen3-Next-80B-A3B-Instruct,Estimated from text
2026-01-08T23:13:29.419194,5194,A,5543,693,6236,Qwen3-Next-80B-A3B-Instruct,Estimated from text
2026-01-08T23:13:32.745619,5194,B,3326,548,3874,Qwen3-Next-80B-A3B-Instruct,Estimated from text
2026-01-08T23:13:42.268003,5195,S,1845,1674,3519,Qwen3-Next-80B-A3B-Instruct,Estimated from text
2026-01-08T23:13:46.821739,5195,A,5552,750,6302,Qwen3-Next-80B-A3B-Instruct,Estimated from text
2026-01-08T23:13:49.546699,5195,B,3383,398,3781,Qwen3-Next-80B-A3B-Instruct,Estimated from text
2026-01-08T23:13:58.773873,5196,S,1845,1685,3530,Qwen3-Next-80B-A3B-Instruct,Estimated from text
2026-01-08T23:14:02.820232,5196,A,5565,705,6270,Qwen3-Next-80B-A3B-Instruct,Estimated from text
2026-01-08T23:14:05.751674,5196,B,3338,417,3755,Qwen3-Next-80B-A3B-Instruct,Estimated from text
2026-01-08T23:14:17.042700,5197,S,1845,1871,3716,Qwen3-Next-80B-A3B-Instruct,Estimated from text
2026-01-08T23:14:23.222749,5197,A,5752,1041,6793,Qwen3-Next-80B-A3B-Instruct,Estimated from text
2026-01-08T23:14:26.523788,5197,B,3675,458,4133,Qwen3-Next-80B-A3B-Instruct,Estimated from text
2026-01-08T23:14:37.889905,5198,S,1845,1735,3580,Qwen3-Next-80B-A3B-Instruct,Estimated from text
2026-01-08T23:14:42.356846,5198,A,5617,704,6321,Qwen3-Next-80B-A3B-Instruct,Estimated from text
2026-01-08T23:14:45.490385,5198,B,3337,533,3870,Qwen3-Next-80B-A3B-Instruct,Estimated from text
2026-01-08T23:14:54.419159,5199,S,1845,1635,3480,Qwen3-Next-80B-A3B-Instruct,Estimated from text
2026-01-08T23:14:58.758405,5199,A,5514,704,6218,Qwen3-Next-80B-A3B-Instruct,Estimated from text
2026-01-08T23:15:01.881298,5199,B,3337,443,3780,Qwen3-Next-80B-A3B-Instruct,Estimated from text
2026-01-08T23:15:13.105944,5200,S,1845,2007,3852,Qwen3-Next-80B-A3B-Instruct,Estimated from text
2026-01-08T23:15:17.129738,5200,A,5889,630,6519,Qwen3-Next-80B-A3B-Instruct,Estimated from text
2026-01-08T23:15:19.955899,5200,B,3263,382,3645,Qwen3-Next-80B-A3B-Instruct,Estimated from text
2026-01-08T23:15:30.107963,5201,S,1845,1742,3587,Qwen3-Next-80B-A3B-Instruct,Estimated from text
2026-01-08T23:15:34.258258,5201,A,5621,792,6413,Qwen3-Next-80B-A3B-Instruct,Estimated from text
2026-01-08T23:15:37.046644,5201,B,3425,469,3894,Qwen3-Next-80B-A3B-Instruct,Estimated from text
2026-01-08T23:15:47.114812,5202,S,1845,2022,3867,Qwen3-Next-80B-A3B-Instruct,Estimated from text
2026-01-08T23:15:52.250181,5202,A,5904,913,6817,Qwen3-Next-80B-A3B-Instruct,Estimated from text
2026-01-08T23:15:54.969204,5202,B,3546,399,3945,Qwen3-Next-80B-A3B-Instruct,Estimated from text
2026-01-08T23:16:04.292388,5203,S,1845,1796,3641,Qwen3-Next-80B-A3B-Instruct,Estimated from text
2026-01-08T23:16:08.336783,5203,A,5675,714,6389,Qwen3-Next-80B-A3B-Instruct,Estimated from text
2026-01-08T23:16:11.051389,5203,B,3348,453,3801,Qwen3-Next-80B-A3B-Instruct,Estimated from text
2026-01-08T23:16:20.840235,5204,S,1845,1887,3732,Qwen3-Next-80B-A3B-Instruct,Estimated from text
2026-01-08T23:16:24.859666,5204,A,5769,624,6393,Qwen3-Next-80B-A3B-Instruct,Estimated from text
2026-01-08T23:16:27.673496,5204,B,3257,478,3735,Qwen3-Next-80B-A3B-Instruct,Estimated from text
2026-01-08T23:16:39.066783,5205,S,1845,1937,3782,Qwen3-Next-80B-A3B-Instruct,Estimated from text
2026-01-08T23:16:44.189214,5205,A,5819,992,6811,Qwen3-Next-80B-A3B-Instruct,Estimated from text
2026-01-08T23:16:47.103125,5205,B,3625,444,4069,Qwen3-Next-80B-A3B-Instruct,Estimated from text
2026-01-08T23:16:56.707261,5206,S,1845,1504,3349,Qwen3-Next-80B-A3B-Instruct,Estimated from text
2026-01-08T23:17:02.128510,5206,A,5382,824,6206,Qwen3-Next-80B-A3B-Instruct,Estimated from text
2026-01-08T23:17:04.942711,5206,B,3457,441,3898,Qwen3-Next-80B-A3B-Instruct,Estimated from text
2026-01-08T23:17:14.520972,5207,S,1845,1756,3601,Qwen3-Next-80B-A3B-Instruct,Estimated from text
2026-01-08T23:17:18.839247,5207,A,5640,753,6393,Qwen3-Next-80B-A3B-Instruct,Estimated from text
2026-01-08T23:17:22.156012,5207,B,3386,559,3945,Qwen3-Next-80B-A3B-Instruct,Estimated from text
2026-01-08T23:17:33.210610,5208,S,1845,2017,3862,Qwen3-Next-80B-A3B-Instruct,Estimated from text
2026-01-08T23:17:37.534580,5208,A,5899,719,6618,Qwen3-Next-80B-A3B-Instruct,Estimated from text
2026-01-08T23:17:40.648411,5208,B,3352,507,3859,Qwen3-Next-80B-A3B-Instruct,Estimated from text
2026-01-08T23:17:49.596726,5209,S,1845,1595,3440,Qwen3-Next-80B-A3B-Instruct,Estimated from text
2026-01-08T23:17:54.319809,5209,A,5475,834,6309,Qwen3-Next-80B-A3B-Instruct,Estimated from text
2026-01-08T23:17:57.069106,5209,B,3467,410,3877,Qwen3-Next-80B-A3B-Instruct,Estimated from text
2026-01-08T23:18:08.388780,5210,S,1845,2148,3993,Qwen3-Next-80B-A3B-Instruct,Estimated from text
2026-01-08T23:18:13.030983,5210,A,6033,768,6801,Qwen3-Next-80B-A3B-Instruct,Estimated from text
2026-01-08T23:18:16.466911,5210,B,3401,555,3956,Qwen3-Next-80B-A3B-Instruct,Estimated from text
2026-01-08T23:18:26.823727,5211,S,1845,1991,3836,Qwen3-Next-80B-A3B-Instruct,Estimated from text
2026-01-08T23:18:30.850830,5211,A,5872,661,6533,Qwen3-Next-80B-A3B-Instruct,Estimated from text
2026-01-08T23:18:33.610856,5211,B,3294,429,3723,Qwen3-Next-80B-A3B-Instruct,Estimated from text
2026-01-08T23:18:44.418709,5212,S,1845,1944,3789,Qwen3-Next-80B-A3B-Instruct,Estimated from text
2026-01-08T23:18:49.079838,5212,A,5829,852,6681,Qwen3-Next-80B-A3B-Instruct,Estimated from text
2026-01-08T23:18:52.441658,5212,B,3485,554,4039,Qwen3-Next-80B-A3B-Instruct,Estimated from text
2026-01-08T23:19:02.843483,5213,S,1845,1868,3713,Qwen3-Next-80B-A3B-Instruct,Estimated from text
2026-01-08T23:19:07.880648,5213,A,5751,801,6552,Qwen3-Next-80B-A3B-Instruct,Estimated from text
2026-01-08T23:19:11.242141,5213,B,3434,560,3994,Qwen3-Next-80B-A3B-Instruct,Estimated from text
2026-01-08T23:19:20.715003,5214,S,1845,1804,3649,Qwen3-Next-80B-A3B-Instruct,Estimated from text
2026-01-08T23:19:26.989985,5214,A,5686,1164,6850,Qwen3-Next-80B-A3B-Instruct,Estimated from text
2026-01-08T23:19:29.932423,5214,B,3797,408,4205,Qwen3-Next-80B-A3B-Instruct,Estimated from text
2026-01-08T23:19:45.709982,5215,S,1845,2692,4537,Qwen3-Next-80B-A3B-Instruct,Estimated from text
2026-01-08T23:19:50.108015,5215,A,6585,747,7332,Qwen3-Next-80B-A3B-Instruct,Estimated from text
2026-01-08T23:19:53.057582,5215,B,3380,477,3857,Qwen3-Next-80B-A3B-Instruct,Estimated from text
2026-01-08T23:20:03.186998,5216,S,1845,1953,3798,Qwen3-Next-80B-A3B-Instruct,Estimated from text
2026-01-08T23:20:08.040604,5216,A,5836,907,6743,Qwen3-Next-80B-A3B-Instruct,Estimated from text
2026-01-08T23:20:11.974978,5216,B,3540,504,4044,Qwen3-Next-80B-A3B-Instruct,Estimated from text
2026-01-08T23:20:24.558652,5217,S,1845,2157,4002,Qwen3-Next-80B-A3B-Instruct,Estimated from text
2026-01-08T23:20:28.687836,5217,A,6045,705,6750,Qwen3-Next-80B-A3B-Instruct,Estimated from text
2026-01-08T23:20:32.354689,5217,B,3339,588,3927,Qwen3-Next-80B-A3B-Instruct,Estimated from text
2026-01-08T23:20:41.418193,5218,S,1845,1680,3525,Qwen3-Next-80B-A3B-Instruct,Estimated from text
2026-01-08T23:20:46.772087,5218,A,5563,923,6486,Qwen3-Next-80B-A3B-Instruct,Estimated from text
2026-01-08T23:20:49.908207,5218,B,3556,537,4093,Qwen3-Next-80B-A3B-Instruct,Estimated from text
2026-01-08T23:20:58.366917,5219,S,1845,1549,3394,Qwen3-Next-80B-A3B-Instruct,Estimated from text
2026-01-08T23:21:03.141883,5219,A,5428,861,6289,Qwen3-Next-80B-A3B-Instruct,Estimated from text
2026-01-08T23:21:06.397606,5219,B,3494,561,4055,Qwen3-Next-80B-A3B-Instruct,Estimated from text
2026-01-08T23:21:17.864408,5221,S,1845,2180,4025,Qwen3-Next-80B-A3B-Instruct,Estimated from text
2026-01-08T23:21:21.989569,5221,A,6066,687,6753,Qwen3-Next-80B-A3B-Instruct,Estimated from text
2026-01-08T23:21:24.815128,5221,B,3321,478,3799,Qwen3-Next-80B-A3B-Instruct,Estimated from text
2026-01-08T23:21:35.384645,5222,S,1845,1981,3826,Qwen3-Next-80B-A3B-Instruct,Estimated from text
2026-01-08T23:21:40.028013,5222,A,5864,779,6643,Qwen3-Next-80B-A3B-Instruct,Estimated from text
2026-01-08T23:21:42.952681,5222,B,3413,489,3902,Qwen3-Next-80B-A3B-Instruct,Estimated from text
2026-01-08T23:22:18.961756,5223,S,1845,1929,3774,Qwen3-Next-80B-A3B-Instruct,Estimated from text
2026-01-08T23:22:46.930297,5223,A,5813,844,6657,Qwen3-Next-80B-A3B-Instruct,Estimated from text
2026-01-08T23:23:01.390954,5223,B,3478,521,3999,Qwen3-Next-80B-A3B-Instruct,Estimated from text
2026-01-08T23:23:33.836175,5224,S,1845,1620,3465,Qwen3-Next-80B-A3B-Instruct,Estimated from text
2026-01-08T23:23:43.177162,5224,A,5501,792,6293,Qwen3-Next-80B-A3B-Instruct,Estimated from text
2026-01-08T23:23:48.098256,5224,B,3426,477,3903,Qwen3-Next-80B-A3B-Instruct,Estimated from text
2026-01-08T23:24:03.593324,5225,S,1845,1818,3663,Qwen3-Next-80B-A3B-Instruct,Estimated from text
2026-01-08T23:24:12.730454,5225,A,5700,1230,6930,Qwen3-Next-80B-A3B-Instruct,Estimated from text
2026-01-08T23:24:17.452388,5225,B,3864,590,4454,Qwen3-Next-80B-A3B-Instruct,Estimated from text
2026-01-08T23:24:31.162353,5226,S,1845,2031,3876,Qwen3-Next-80B-A3B-Instruct,Estimated from text
2026-01-08T23:24:35.382754,5226,A,5913,648,6561,Qwen3-Next-80B-A3B-Instruct,Estimated from text
2026-01-08T23:24:38.800031,5226,B,3282,511,3793,Qwen3-Next-80B-A3B-Instruct,Estimated from text
2026-01-08T23:24:51.275409,5227,S,1845,1827,3672,Qwen3-Next-80B-A3B-Instruct,Estimated from text
2026-01-08T23:24:57.503283,5227,A,5709,812,6521,Qwen3-Next-80B-A3B-Instruct,Estimated from text
2026-01-08T23:25:47.006956,5228,S,1845,2064,3909,Qwen3-Next-80B-A3B-Instruct,Estimated from text
2026-01-08T23:25:51.424904,5228,A,5950,684,6634,Qwen3-Next-80B-A3B-Instruct,Estimated from text
2026-01-08T23:26:46.763729,5229,S,1845,2420,4265,Qwen3-Next-80B-A3B-Instruct,Estimated from text
2026-01-08T23:26:55.001690,5229,A,6308,1398,7706,Qwen3-Next-80B-A3B-Instruct,Estimated from text
2026-01-08T23:27:43.236344,5230,S,1845,1557,3402,Qwen3-Next-80B-A3B-Instruct,Estimated from text
2026-01-08T23:27:47.557003,5230,A,5436,648,6084,Qwen3-Next-80B-A3B-Instruct,Estimated from text
2026-01-08T23:27:50.271620,5230,B,3282,408,3690,Qwen3-Next-80B-A3B-Instruct,Estimated from text
2026-01-08T23:28:01.927975,5231,S,1845,1964,3809,Qwen3-Next-80B-A3B-Instruct,Estimated from text
2026-01-08T23:28:08.858813,5231,A,5847,1081,6928,Qwen3-Next-80B-A3B-Instruct,Estimated from text
2026-01-08T23:29:01.716457,5232,S,1845,2008,3853,Qwen3-Next-80B-A3B-Instruct,Estimated from text
2026-01-08T23:29:06.540196,5232,A,5889,900,6789,Qwen3-Next-80B-A3B-Instruct,Estimated from text
2026-01-08T23:29:51.756670,5233,S,1845,1812,3657,Qwen3-Next-80B-A3B-Instruct,Estimated from text
2026-01-08T23:29:56.377297,5233,A,5694,679,6373,Qwen3-Next-80B-A3B-Instruct,Estimated from text
2026-01-08T23:30:45.794865,5234,S,1845,2451,4296,Qwen3-Next-80B-A3B-Instruct,Estimated from text
2026-01-08T23:30:52.323384,5234,A,6339,1219,7558,Qwen3-Next-80B-A3B-Instruct,Estimated from text
2026-01-08T23:31:36.450618,5235,S,1845,1860,3705,Qwen3-Next-80B-A3B-Instruct,Estimated from text
2026-01-08T23:31:41.071968,5235,A,5742,716,6458,Qwen3-Next-80B-A3B-Instruct,Estimated from text
2026-01-08T23:32:24.585740,5236,S,1845,1761,3606,Qwen3-Next-80B-A3B-Instruct,Estimated from text
2026-01-08T23:32:29.306816,5236,A,5643,805,6448,Qwen3-Next-80B-A3B-Instruct,Estimated from text
2026-01-08T23:32:32.320119,5236,B,3438,558,3996,Qwen3-Next-80B-A3B-Instruct,Estimated from text
2026-01-08T23:32:42.172214,5237,S,1845,1800,3645,Qwen3-Next-80B-A3B-Instruct,Estimated from text
2026-01-08T23:32:45.889651,5237,A,5681,676,6357,Qwen3-Next-80B-A3B-Instruct,Estimated from text
2026-01-08T23:33:29.342869,5238,S,1845,1738,3583,Qwen3-Next-80B-A3B-Instruct,Estimated from text
2026-01-08T23:33:33.361084,5238,A,5616,716,6332,Qwen3-Next-80B-A3B-Instruct,Estimated from text
2026-01-08T23:34:21.790644,5239,S,1845,2186,4031,Qwen3-Next-80B-A3B-Instruct,Estimated from text
2026-01-08T23:34:26.310118,5239,A,6072,710,6782,Qwen3-Next-80B-A3B-Instruct,Estimated from text
2026-01-08T23:35:33.692525,5240,S,1845,1981,3826,Qwen3-Next-80B-A3B-Instruct,Estimated from text
2026-01-08T23:35:40.825555,5240,A,5865,755,6620,Qwen3-Next-80B-A3B-Instruct,Estimated from text
2026-01-08T23:35:44.244347,5240,B,3388,387,3775,Qwen3-Next-80B-A3B-Instruct,Estimated from text
2026-01-08T23:35:57.123457,5241,S,1845,1812,3657,Qwen3-Next-80B-A3B-Instruct,Estimated from text
2026-01-08T23:36:01.343503,5241,A,5694,670,6364,Qwen3-Next-80B-A3B-Instruct,Estimated from text
2026-01-08T23:36:04.659692,5241,B,3303,486,3789,Qwen3-Next-80B-A3B-Instruct,Estimated from text
2026-01-08T23:36:13.920041,5242,S,1845,1608,3453,Qwen3-Next-80B-A3B-Instruct,Estimated from text
2026-01-08T23:36:17.938147,5242,A,5487,690,6177,Qwen3-Next-80B-A3B-Instruct,Estimated from text
2026-01-08T23:36:20.751222,5242,B,3324,483,3807,Qwen3-Next-80B-A3B-Instruct,Estimated from text
2026-01-08T23:36:31.924224,5243,S,1845,1932,3777,Qwen3-Next-80B-A3B-Instruct,Estimated from text
2026-01-08T23:36:36.347503,5243,A,5817,710,6527,Qwen3-Next-80B-A3B-Instruct,Estimated from text
2026-01-08T23:36:39.564671,5243,B,3343,485,3828,Qwen3-Next-80B-A3B-Instruct,Estimated from text
2026-01-08T23:36:48.926090,5244,S,1845,1683,3528,Qwen3-Next-80B-A3B-Instruct,Estimated from text
2026-01-08T23:36:53.652265,5244,A,5565,851,6416,Qwen3-Next-80B-A3B-Instruct,Estimated from text
2026-01-08T23:36:57.371476,5244,B,3484,654,4138,Qwen3-Next-80B-A3B-Instruct,Estimated from text
2026-01-08T23:37:06.831346,5245,S,1845,1580,3425,Qwen3-Next-80B-A3B-Instruct,Estimated from text
2026-01-08T23:37:11.454008,5245,A,5458,762,6220,Qwen3-Next-80B-A3B-Instruct,Estimated from text
2026-01-08T23:37:14.468663,5245,B,3396,479,3875,Qwen3-Next-80B-A3B-Instruct,Estimated from text
2026-01-08T23:37:23.649958,5247,S,1845,1896,3741,Qwen3-Next-80B-A3B-Instruct,Estimated from text
2026-01-08T23:37:44.041318,5247,A,5776,745,6521,Qwen3-Next-80B-A3B-Instruct,Estimated from text
2026-01-08T23:38:01.420568,5247,B,3379,501,3880,Qwen3-Next-80B-A3B-Instruct,Estimated from text
2026-01-08T23:38:45.526058,5248,S,1845,1923,3768,Qwen3-Next-80B-A3B-Instruct,Estimated from text
2026-01-08T23:38:54.668511,5248,A,5808,741,6549,Qwen3-Next-80B-A3B-Instruct,Estimated from text
2026-01-08T23:38:59.991841,5248,B,3375,578,3953,Qwen3-Next-80B-A3B-Instruct,Estimated from text
2026-01-08T23:39:11.462273,5249,S,1845,1625,3470,Qwen3-Next-80B-A3B-Instruct,Estimated from text
2026-01-08T23:39:15.280568,5249,A,5506,633,6139,Qwen3-Next-80B-A3B-Instruct,Estimated from text
2026-01-08T23:39:18.195007,5249,B,3267,426,3693,Qwen3-Next-80B-A3B-Instruct,Estimated from text
2026-01-08T23:39:27.953046,5250,S,1845,1640,3485,Qwen3-Next-80B-A3B-Instruct,Estimated from text
2026-01-08T23:39:31.972814,5250,A,5520,690,6210,Qwen3-Next-80B-A3B-Instruct,Estimated from text
2026-01-08T23:39:34.786745,5250,B,3323,423,3746,Qwen3-Next-80B-A3B-Instruct,Estimated from text
2026-01-08T23:39:44.939777,5251,S,1845,1861,3706,Qwen3-Next-80B-A3B-Instruct,Estimated from text
2026-01-08T23:39:49.659557,5251,A,5742,855,6597,Qwen3-Next-80B-A3B-Instruct,Estimated from text
2026-01-08T23:39:52.673988,5251,B,3489,518,4007,Qwen3-Next-80B-A3B-Instruct,Estimated from text
2026-01-08T23:40:08.366913,5252,S,1845,2283,4128,Qwen3-Next-80B-A3B-Instruct,Estimated from text
2026-01-08T23:40:12.989243,5252,A,6163,727,6890,Qwen3-Next-80B-A3B-Instruct,Estimated from text
2026-01-08T23:40:16.104094,5252,B,3360,453,3813,Qwen3-Next-80B-A3B-Instruct,Estimated from text
2026-01-08T23:40:27.172853,5253,S,1845,1745,3590,Qwen3-Next-80B-A3B-Instruct,Estimated from text
2026-01-08T23:40:31.396725,5253,A,5627,729,6356,Qwen3-Next-80B-A3B-Instruct,Estimated from text
2026-01-08T23:40:34.413966,5253,B,3363,459,3822,Qwen3-Next-80B-A3B-Instruct,Estimated from text
2026-01-08T23:40:42.765955,5254,S,1845,1575,3420,Qwen3-Next-80B-A3B-Instruct,Estimated from text
2026-01-08T23:40:47.087117,5254,A,5457,745,6202,Qwen3-Next-80B-A3B-Instruct,Estimated from text
2026-01-08T23:40:50.308037,5254,B,3378,540,3918,Qwen3-Next-80B-A3B-Instruct,Estimated from text
2026-01-08T23:41:04.093009,5255,S,1845,1875,3720,Qwen3-Next-80B-A3B-Instruct,Estimated from text
2026-01-08T23:41:08.814940,5255,A,5759,804,6563,Qwen3-Next-80B-A3B-Instruct,Estimated from text
2026-01-08T23:41:12.332797,5255,B,3438,509,3947,Qwen3-Next-80B-A3B-Instruct,Estimated from text
2026-01-08T23:41:23.498717,5256,S,1845,1883,3728,Qwen3-Next-80B-A3B-Instruct,Estimated from text
2026-01-08T23:41:28.824903,5256,A,5763,870,6633,Qwen3-Next-80B-A3B-Instruct,Estimated from text
2026-01-08T23:41:32.442822,5256,B,3504,589,4093,Qwen3-Next-80B-A3B-Instruct,Estimated from text
2026-01-08T23:41:43.922485,5257,S,1845,1863,3708,Qwen3-Next-80B-A3B-Instruct,Estimated from text
2026-01-08T23:41:49.042798,5257,A,5743,818,6561,Qwen3-Next-80B-A3B-Instruct,Estimated from text
2026-01-08T23:41:52.561533,5257,B,3451,506,3957,Qwen3-Next-80B-A3B-Instruct,Estimated from text
2026-01-08T23:42:03.849228,5258,S,1845,2052,3897,Qwen3-Next-80B-A3B-Instruct,Estimated from text
2026-01-08T23:42:07.966327,5258,A,5933,666,6599,Qwen3-Next-80B-A3B-Instruct,Estimated from text
2026-01-08T23:42:11.082401,5258,B,3299,452,3751,Qwen3-Next-80B-A3B-Instruct,Estimated from text
2026-01-08T23:42:27.497208,5259,S,1845,2812,4657,Qwen3-Next-80B-A3B-Instruct,Estimated from text
2026-01-08T23:42:32.618281,5259,A,6707,743,7450,Qwen3-Next-80B-A3B-Instruct,Estimated from text
2026-01-08T23:42:35.933181,5259,B,3376,564,3940,Qwen3-Next-80B-A3B-Instruct,Estimated from text
2026-01-08T23:42:44.137399,5260,S,1845,1431,3276,Qwen3-Next-80B-A3B-Instruct,Estimated from text
2026-01-08T23:42:49.560903,5260,A,5309,981,6290,Qwen3-Next-80B-A3B-Instruct,Estimated from text
2026-01-08T23:42:52.576781,5260,B,3614,473,4087,Qwen3-Next-80B-A3B-Instruct,Estimated from text
2026-01-08T23:43:03.049049,5261,S,1845,1852,3697,Qwen3-Next-80B-A3B-Instruct,Estimated from text
2026-01-08T23:43:08.073896,5261,A,5733,899,6632,Qwen3-Next-80B-A3B-Instruct,Estimated from text
2026-01-08T23:43:11.189459,5261,B,3532,498,4030,Qwen3-Next-80B-A3B-Instruct,Estimated from text
2026-01-08T23:43:21.077059,5262,S,1845,1676,3521,Qwen3-Next-80B-A3B-Instruct,Estimated from text
2026-01-08T23:43:26.397334,5262,A,5555,1020,6575,Qwen3-Next-80B-A3B-Instruct,Estimated from text
2026-01-08T23:43:29.813384,5262,B,3654,615,4269,Qwen3-Next-80B-A3B-Instruct,Estimated from text
2026-01-08T23:43:40.908475,5263,S,1845,1960,3805,Qwen3-Next-80B-A3B-Instruct,Estimated from text
2026-01-08T23:43:44.532014,5263,A,5841,592,6433,Qwen3-Next-80B-A3B-Instruct,Estimated from text
2026-01-08T23:43:47.546540,5263,B,3225,468,3693,Qwen3-Next-80B-A3B-Instruct,Estimated from text
2026-01-08T23:43:58.016817,5265,S,1845,1926,3771,Qwen3-Next-80B-A3B-Instruct,Estimated from text
2026-01-08T23:44:02.339025,5265,A,5803,841,6644,Qwen3-Next-80B-A3B-Instruct,Estimated from text
2026-01-08T23:44:05.351913,5265,B,3472,557,4029,Qwen3-Next-80B-A3B-Instruct,Estimated from text
2026-01-08T23:44:15.447216,5266,S,1845,1889,3734,Qwen3-Next-80B-A3B-Instruct,Estimated from text
2026-01-08T23:44:19.967036,5266,A,5766,769,6535,Qwen3-Next-80B-A3B-Instruct,Estimated from text
2026-01-08T23:44:23.583034,5266,B,3396,554,3950,Qwen3-Next-80B-A3B-Instruct,Estimated from text
2026-01-08T23:44:32.662829,5267,S,1845,1910,3755,Qwen3-Next-80B-A3B-Instruct,Estimated from text
2026-01-08T23:44:37.683341,5267,A,5782,977,6759,Qwen3-Next-80B-A3B-Instruct,Estimated from text
2026-01-08T23:44:40.396726,5267,B,3604,462,4066,Qwen3-Next-80B-A3B-Instruct,Estimated from text
2026-01-08T23:44:48.403874,5268,S,1845,1517,3362,Qwen3-Next-80B-A3B-Instruct,Estimated from text
2026-01-08T23:44:52.822550,5268,A,5388,733,6121,Qwen3-Next-80B-A3B-Instruct,Estimated from text
2026-01-08T23:44:56.141327,5268,B,3360,543,3903,Qwen3-Next-80B-A3B-Instruct,Estimated from text
2026-01-08T23:45:05.107369,5269,S,1845,1578,3423,Qwen3-Next-80B-A3B-Instruct,Estimated from text
2026-01-08T23:45:10.029697,5269,A,5450,771,6221,Qwen3-Next-80B-A3B-Instruct,Estimated from text
2026-01-08T23:45:13.142865,5269,B,3399,544,3943,Qwen3-Next-80B-A3B-Instruct,Estimated from text
2026-01-08T23:45:22.334124,5271,S,1845,1719,3564,Qwen3-Next-80B-A3B-Instruct,Estimated from text
2026-01-08T23:45:26.554780,5271,A,5595,716,6311,Qwen3-Next-80B-A3B-Instruct,Estimated from text
2026-01-08T23:46:14.204845,5272,S,1845,1799,3644,Qwen3-Next-80B-A3B-Instruct,Estimated from text
2026-01-08T23:46:17.522950,5272,A,5682,543,6225,Qwen3-Next-80B-A3B-Instruct,Estimated from text
2026-01-08T23:46:20.438440,5272,B,3173,441,3614,Qwen3-Next-80B-A3B-Instruct,Estimated from text
2026-01-08T23:46:30.383968,5274,S,1845,1749,3594,Qwen3-Next-80B-A3B-Instruct,Estimated from text
2026-01-08T23:46:34.305486,5274,A,5619,714,6333,Qwen3-Next-80B-A3B-Instruct,Estimated from text
2026-01-08T23:46:37.321129,5274,B,3340,472,3812,Qwen3-Next-80B-A3B-Instruct,Estimated from text
2026-01-08T23:46:49.481649,5275,S,1845,2316,4161,Qwen3-Next-80B-A3B-Instruct,Estimated from text
2026-01-08T23:46:53.902362,5275,A,6201,932,7133,Qwen3-Next-80B-A3B-Instruct,Estimated from text
2026-01-08T23:46:56.817423,5275,B,3558,537,4095,Qwen3-Next-80B-A3B-Instruct,Estimated from text
2026-01-08T23:47:06.773980,5277,S,1845,1868,3713,Qwen3-Next-80B-A3B-Instruct,Estimated from text
2026-01-08T23:47:10.691206,5277,A,5741,765,6506,Qwen3-Next-80B-A3B-Instruct,Estimated from text
2026-01-08T23:47:15.222772,5277,B,3388,409,3797,Qwen3-Next-80B-A3B-Instruct,Estimated from text
2026-01-08T23:47:25.239659,5278,S,1849,1710,3559,Qwen3-Next-80B-A3B-Instruct,Estimated from text
2026-01-08T23:47:29.054878,5278,A,5580,710,6290,Qwen3-Next-80B-A3B-Instruct,Estimated from text
2026-01-08T23:47:31.869578,5278,B,3330,408,3738,Qwen3-Next-80B-A3B-Instruct,Estimated from text
2026-01-08T23:47:42.954119,5279,S,1849,2089,3938,Qwen3-Next-80B-A3B-Instruct,Estimated from text
2026-01-08T23:47:49.480621,5279,A,5963,1137,7100,Qwen3-Next-80B-A3B-Instruct,Estimated from text
2026-01-08T23:47:53.905763,5279,B,3757,618,4375,Qwen3-Next-80B-A3B-Instruct,Estimated from text
2026-01-08T23:48:04.074927,5280,S,1849,1993,3842,Qwen3-Next-80B-A3B-Instruct,Estimated from text
2026-01-08T23:48:07.794163,5280,A,5865,602,6467,Qwen3-Next-80B-A3B-Instruct,Estimated from text
2026-01-08T23:48:10.608387,5280,B,3222,405,3627,Qwen3-Next-80B-A3B-Instruct,Estimated from text
2026-01-08T23:49:09.363882,5281,S,1849,2238,4087,Qwen3-Next-80B-A3B-Instruct,Estimated from text
2026-01-08T23:49:35.764712,5281,A,6119,696,6815,Qwen3-Next-80B-A3B-Instruct,Estimated from text
2026-01-08T23:49:49.521366,5281,B,3316,480,3796,Qwen3-Next-80B-A3B-Instruct,Estimated from text
2026-01-08T23:50:19.954155,5282,S,1849,2058,3907,Qwen3-Next-80B-A3B-Instruct,Estimated from text
2026-01-08T23:50:26.984580,5282,A,5929,681,6610,Qwen3-Next-80B-A3B-Instruct,Estimated from text
2026-01-08T23:50:31.004176,5282,B,3300,396,3696,Qwen3-Next-80B-A3B-Instruct,Estimated from text
2026-01-08T23:50:44.221461,5283,S,1849,1918,3767,Qwen3-Next-80B-A3B-Instruct,Estimated from text
2026-01-08T23:50:51.855566,5283,A,5790,1141,6931,Qwen3-Next-80B-A3B-Instruct,Estimated from text
2026-01-08T23:50:55.475058,5283,B,3761,537,4298,Qwen3-Next-80B-A3B-Instruct,Estimated from text
2026-01-08T23:51:09.046011,5284,S,1849,2322,4171,Qwen3-Next-80B-A3B-Instruct,Estimated from text
2026-01-08T23:51:13.364393,5284,A,6195,676,6871,Qwen3-Next-80B-A3B-Instruct,Estimated from text
2026-01-08T23:51:17.182318,5284,B,3296,544,3840,Qwen3-Next-80B-A3B-Instruct,Estimated from text
2026-01-08T23:51:29.199604,5285,S,1849,2351,4200,Qwen3-Next-80B-A3B-Instruct,Estimated from text
2026-01-08T23:51:33.319133,5285,A,6228,722,6950,Qwen3-Next-80B-A3B-Instruct,Estimated from text
2026-01-08T23:51:36.735918,5285,B,3342,461,3803,Qwen3-Next-80B-A3B-Instruct,Estimated from text
2026-01-08T23:51:47.220854,5286,S,1849,1994,3843,Qwen3-Next-80B-A3B-Instruct,Estimated from text
2026-01-08T23:51:52.844640,5286,A,5866,853,6719,Qwen3-Next-80B-A3B-Instruct,Estimated from text
2026-01-08T23:51:55.657022,5286,B,3473,456,3929,Qwen3-Next-80B-A3B-Instruct,Estimated from text
2026-01-08T23:52:08.563559,5287,S,1849,2099,3948,Qwen3-Next-80B-A3B-Instruct,Estimated from text
2026-01-08T23:52:12.481606,5287,A,5976,632,6608,Qwen3-Next-80B-A3B-Instruct,Estimated from text
2026-01-08T23:52:17.411013,5287,B,3252,444,3696,Qwen3-Next-80B-A3B-Instruct,Estimated from text
2026-01-08T23:52:29.721144,5288,S,1849,2029,3878,Qwen3-Next-80B-A3B-Instruct,Estimated from text
2026-01-08T23:52:34.474355,5288,A,5904,744,6648,Qwen3-Next-80B-A3B-Instruct,Estimated from text
2026-01-08T23:52:40.355325,5288,B,3364,873,4237,Qwen3-Next-80B-A3B-Instruct,Estimated from text
2026-01-08T23:52:49.547568,5289,S,1849,1618,3467,Qwen3-Next-80B-A3B-Instruct,Estimated from text
2026-01-08T23:52:54.203421,5289,A,5490,819,6309,Qwen3-Next-80B-A3B-Instruct,Estimated from text
2026-01-08T23:52:57.020583,5289,B,3438,420,3858,Qwen3-Next-80B-A3B-Instruct,Estimated from text
2026-01-08T23:53:07.839247,5290,S,1849,1674,3523,Qwen3-Next-80B-A3B-Instruct,Estimated from text
2026-01-08T23:53:13.801396,5290,A,5547,798,6345,Qwen3-Next-80B-A3B-Instruct,Estimated from text
2026-01-08T23:53:17.522255,5290,B,3418,567,3985,Qwen3-Next-80B-A3B-Instruct,Estimated from text
2026-01-08T23:53:27.400499,5291,S,1849,1668,3517,Qwen3-Next-80B-A3B-Instruct,Estimated from text
2026-01-08T23:53:32.240854,5291,A,5539,749,6288,Qwen3-Next-80B-A3B-Instruct,Estimated from text
2026-01-08T23:53:35.470782,5291,B,3369,531,3900,Qwen3-Next-80B-A3B-Instruct,Estimated from text
2026-01-08T23:53:47.229887,5292,S,1849,2041,3890,Qwen3-Next-80B-A3B-Instruct,Estimated from text
2026-01-08T23:53:52.220360,5292,A,5917,892,6809,Qwen3-Next-80B-A3B-Instruct,Estimated from text
2026-01-08T23:53:55.865724,5292,B,3512,507,4019,Qwen3-Next-80B-A3B-Instruct,Estimated from text
2026-01-08T23:54:05.905858,5293,S,1849,1779,3628,Qwen3-Next-80B-A3B-Instruct,Estimated from text
2026-01-08T23:54:11.785361,5293,A,5650,713,6363,Qwen3-Next-80B-A3B-Instruct,Estimated from text
2026-01-08T23:54:15.032682,5293,B,3333,433,3766,Qwen3-Next-80B-A3B-Instruct,Estimated from text
2026-01-08T23:54:27.395836,5294,S,1849,2082,3931,Qwen3-Next-80B-A3B-Instruct,Estimated from text
2026-01-08T23:54:33.066583,5294,A,5954,803,6757,Qwen3-Next-80B-A3B-Instruct,Estimated from text
2026-01-08T23:54:36.799584,5294,B,3423,555,3978,Qwen3-Next-80B-A3B-Instruct,Estimated from text
2026-01-08T23:54:46.088183,5295,S,1849,1619,3468,Qwen3-Next-80B-A3B-Instruct,Estimated from text
2026-01-08T23:54:51.962653,5295,A,5487,1003,6490,Qwen3-Next-80B-A3B-Instruct,Estimated from text
2026-01-08T23:54:56.117350,5295,B,3623,561,4184,Qwen3-Next-80B-A3B-Instruct,Estimated from text
2026-01-08T23:55:11.164351,5296,S,1849,2061,3910,Qwen3-Next-80B-A3B-Instruct,Estimated from text
2026-01-08T23:55:17.037245,5296,A,5935,912,6847,Qwen3-Next-80B-A3B-Instruct,Estimated from text
2026-01-08T23:55:20.888554,5296,B,3532,559,4091,Qwen3-Next-80B-A3B-Instruct,Estimated from text
2026-01-08T23:55:33.281823,5297,S,1849,1820,3669,Qwen3-Next-80B-A3B-Instruct,Estimated from text
2026-01-08T23:55:37.644585,5297,A,5694,767,6461,Qwen3-Next-80B-A3B-Instruct,Estimated from text
2026-01-08T23:55:41.582612,5297,B,3387,594,3981,Qwen3-Next-80B-A3B-Instruct,Estimated from text
2026-01-08T23:55:52.917987,5298,S,1849,1794,3643,Qwen3-Next-80B-A3B-Instruct,Estimated from text
2026-01-08T23:55:57.567370,5298,A,5667,807,6474,Qwen3-Next-80B-A3B-Instruct,Estimated from text
2026-01-08T23:56:01.010561,5298,B,3427,475,3902,Qwen3-Next-80B-A3B-Instruct,Estimated from text
2026-01-08T23:56:13.404760,5299,S,1849,1978,3827,Qwen3-Next-80B-A3B-Instruct,Estimated from text
2026-01-08T23:56:18.988135,5299,A,5853,888,6741,Qwen3-Next-80B-A3B-Instruct,Estimated from text
2026-01-08T23:56:22.210237,5299,B,3507,477,3984,Qwen3-Next-80B-A3B-Instruct,Estimated from text
2026-01-08T23:56:34.551187,5300,S,1849,1914,3763,Qwen3-Next-80B-A3B-Instruct,Estimated from text
2026-01-08T23:56:38.098904,5300,A,5786,495,6281,Qwen3-Next-80B-A3B-Instruct,Estimated from text
2026-01-08T23:56:41.619506,5300,B,3115,534,3649,Qwen3-Next-80B-A3B-Instruct,Estimated from text
2026-01-08T23:56:53.368558,5301,S,1849,2045,3894,Qwen3-Next-80B-A3B-Instruct,Estimated from text
2026-01-08T23:56:58.616853,5301,A,5916,880,6796,Qwen3-Next-80B-A3B-Instruct,Estimated from text
2026-01-08T23:57:01.492399,5301,B,3500,408,3908,Qwen3-Next-80B-A3B-Instruct,Estimated from text
2026-01-08T23:57:14.209918,5303,S,1849,2034,3883,Qwen3-Next-80B-A3B-Instruct,Estimated from text
2026-01-08T23:57:18.545274,5303,A,5913,704,6617,Qwen3-Next-80B-A3B-Instruct,Estimated from text
2026-01-08T23:57:21.682705,5303,B,3327,487,3814,Qwen3-Next-80B-A3B-Instruct,Estimated from text
2026-01-08T23:57:32.603653,5304,S,1849,1990,3839,Qwen3-Next-80B-A3B-Instruct,Estimated from text
2026-01-08T23:57:37.886574,5304,A,5867,852,6719,Qwen3-Next-80B-A3B-Instruct,Estimated from text
2026-01-08T23:57:44.562685,5304,B,3476,1052,4528,Qwen3-Next-80B-A3B-Instruct,Estimated from text
2026-01-08T23:57:57.769356,5305,S,1849,2207,4056,Qwen3-Next-80B-A3B-Instruct,Estimated from text
2026-01-08T23:58:03.621412,5305,A,6083,792,6875,Qwen3-Next-80B-A3B-Instruct,Estimated from text
2026-01-08T23:58:07.222993,5305,B,3412,498,3910,Qwen3-Next-80B-A3B-Instruct,Estimated from text
2026-01-08T23:58:21.961670,5306,S,1849,2465,4314,Qwen3-Next-80B-A3B-Instruct,Estimated from text
2026-01-08T23:58:27.497722,5306,A,6345,867,7212,Qwen3-Next-80B-A3B-Instruct,Estimated from text
2026-01-08T23:58:30.627713,5306,B,3486,442,3928,Qwen3-Next-80B-A3B-Instruct,Estimated from text
2026-01-08T23:58:43.203849,5307,S,1849,2211,4060,Qwen3-Next-80B-A3B-Instruct,Estimated from text
2026-01-08T23:58:48.427187,5307,A,6084,880,6964,Qwen3-Next-80B-A3B-Instruct,Estimated from text
2026-01-08T23:58:51.543795,5307,B,3500,404,3904,Qwen3-Next-80B-A3B-Instruct,Estimated from text
2026-01-08T23:59:01.013443,5308,S,1849,1598,3447,Qwen3-Next-80B-A3B-Instruct,Estimated from text
2026-01-08T23:59:04.931587,5308,A,5468,613,6081,Qwen3-Next-80B-A3B-Instruct,Estimated from text
2026-01-08T23:59:08.148587,5308,B,3233,476,3709,Qwen3-Next-80B-A3B-Instruct,Estimated from text
2026-01-08T23:59:19.715535,5309,S,1849,2053,3902,Qwen3-Next-80B-A3B-Instruct,Estimated from text
2026-01-08T23:59:25.136571,5309,A,5925,845,6770,Qwen3-Next-80B-A3B-Instruct,Estimated from text
2026-01-08T23:59:28.653768,5309,B,3465,471,3936,Qwen3-Next-80B-A3B-Instruct,Estimated from text
2026-01-08T23:59:41.450496,5310,S,1849,2137,3986,Qwen3-Next-80B-A3B-Instruct,Estimated from text
2026-01-08T23:59:47.777787,5310,A,6017,887,6904,Qwen3-Next-80B-A3B-Instruct,Estimated from text
2026-01-08T23:59:52.197461,5310,B,3508,563,4071,Qwen3-Next-80B-A3B-Instruct,Estimated from text
2026-01-09T00:00:02.654879,5311,S,1849,1794,3643,Qwen3-Next-80B-A3B-Instruct,Estimated from text
2026-01-09T00:00:08.179771,5311,A,5668,924,6592,Qwen3-Next-80B-A3B-Instruct,Estimated from text
2026-01-09T00:00:11.597515,5311,B,3546,501,4047,Qwen3-Next-80B-A3B-Instruct,Estimated from text
2026-01-09T00:00:23.480328,5312,S,1849,1935,3784,Qwen3-Next-80B-A3B-Instruct,Estimated from text
2026-01-09T00:00:29.103043,5312,A,5813,864,6677,Qwen3-Next-80B-A3B-Instruct,Estimated from text
2026-01-09T00:00:32.418859,5312,B,3486,478,3964,Qwen3-Next-80B-A3B-Instruct,Estimated from text
2026-01-09T00:00:42.610384,5313,S,1849,1598,3447,Qwen3-Next-80B-A3B-Instruct,Estimated from text
2026-01-09T00:00:47.432080,5313,A,5468,685,6153,Qwen3-Next-80B-A3B-Instruct,Estimated from text
2026-01-09T00:00:50.748689,5313,B,3306,483,3789,Qwen3-Next-80B-A3B-Instruct,Estimated from text
2026-01-09T00:01:01.517206,5314,S,1849,1793,3642,Qwen3-Next-80B-A3B-Instruct,Estimated from text
2026-01-09T00:01:06.140592,5314,A,5667,768,6435,Qwen3-Next-80B-A3B-Instruct,Estimated from text
2026-01-09T00:01:09.662170,5314,B,3389,513,3902,Qwen3-Next-80B-A3B-Instruct,Estimated from text
2026-01-09T00:01:22.745581,5315,S,1849,2115,3964,Qwen3-Next-80B-A3B-Instruct,Estimated from text
2026-01-09T00:01:27.568888,5315,A,5991,807,6798,Qwen3-Next-80B-A3B-Instruct,Estimated from text
2026-01-09T00:01:30.783841,5315,B,3429,509,3938,Qwen3-Next-80B-A3B-Instruct,Estimated from text
2026-01-09T00:01:43.145294,5316,S,1849,2066,3915,Qwen3-Next-80B-A3B-Instruct,Estimated from text
2026-01-09T00:01:48.266645,5316,A,5943,805,6748,Qwen3-Next-80B-A3B-Instruct,Estimated from text
2026-01-09T00:01:51.883563,5316,B,3426,591,4017,Qwen3-Next-80B-A3B-Instruct,Estimated from text
2026-01-09T00:02:06.051897,5317,S,1849,2481,4330,Qwen3-Next-80B-A3B-Instruct,Estimated from text
2026-01-09T00:02:11.073345,5317,A,6363,825,7188,Qwen3-Next-80B-A3B-Instruct,Estimated from text
2026-01-09T00:02:14.890596,5317,B,3446,537,3983,Qwen3-Next-80B-A3B-Instruct,Estimated from text
2026-01-09T00:02:25.341338,5318,S,1849,1809,3658,Qwen3-Next-80B-A3B-Instruct,Estimated from text
2026-01-09T00:02:30.665275,5318,A,5682,895,6577,Qwen3-Next-80B-A3B-Instruct,Estimated from text
2026-01-09T00:02:34.784002,5318,B,3516,601,4117,Qwen3-Next-80B-A3B-Instruct,Estimated from text
2026-01-09T00:02:44.800122,5319,S,1849,1787,3636,Qwen3-Next-80B-A3B-Instruct,Estimated from text
2026-01-09T00:02:50.021911,5319,A,5661,869,6530,Qwen3-Next-80B-A3B-Instruct,Estimated from text
2026-01-09T00:02:53.036055,5319,B,3490,488,3978,Qwen3-Next-80B-A3B-Instruct,Estimated from text
2026-01-09T00:03:05.211076,5320,S,1849,2021,3870,Qwen3-Next-80B-A3B-Instruct,Estimated from text
2026-01-09T00:03:13.243445,5320,A,5893,1403,7296,Qwen3-Next-80B-A3B-Instruct,Estimated from text
2026-01-09T00:03:16.761291,5320,B,4024,541,4565,Qwen3-Next-80B-A3B-Instruct,Estimated from text
2026-01-09T00:03:29.448840,5321,S,1849,2422,4271,Qwen3-Next-80B-A3B-Instruct,Estimated from text
2026-01-09T00:03:33.668236,5321,A,6304,708,7012,Qwen3-Next-80B-A3B-Instruct,Estimated from text
2026-01-09T00:03:36.986384,5321,B,3330,561,3891,Qwen3-Next-80B-A3B-Instruct,Estimated from text
2026-01-09T00:03:46.943165,5322,S,1849,1977,3826,Qwen3-Next-80B-A3B-Instruct,Estimated from text
2026-01-09T00:03:50.459769,5322,A,5849,666,6515,Qwen3-Next-80B-A3B-Instruct,Estimated from text
2026-01-09T00:03:53.173753,5322,B,3287,509,3796,Qwen3-Next-80B-A3B-Instruct,Estimated from text
2026-01-09T00:04:02.523231,5323,S,1849,1733,3582,Qwen3-Next-80B-A3B-Instruct,Estimated from text
2026-01-09T00:04:06.039211,5323,A,5606,560,6166,Qwen3-Next-80B-A3B-Instruct,Estimated from text
2026-01-09T00:04:08.551758,5323,B,3181,351,3532,Qwen3-Next-80B-A3B-Instruct,Estimated from text
2026-01-09T00:04:19.947443,5324,S,1849,2081,3930,Qwen3-Next-80B-A3B-Instruct,Estimated from text
2026-01-09T00:04:24.871567,5324,A,5958,813,6771,Qwen3-Next-80B-A3B-Instruct,Estimated from text
2026-01-09T00:04:30.396948,5324,B,3435,939,4374,Qwen3-Next-80B-A3B-Instruct,Estimated from text
2026-01-09T00:04:41.674497,5325,S,1849,2160,4009,Qwen3-Next-80B-A3B-Instruct,Estimated from text
2026-01-09T00:04:47.297585,5325,A,6034,908,6942,Qwen3-Next-80B-A3B-Instruct,Estimated from text
2026-01-09T00:04:50.311801,5325,B,3528,434,3962,Qwen3-Next-80B-A3B-Instruct,Estimated from text
2026-01-09T00:05:03.994217,5326,S,1849,2362,4211,Qwen3-Next-80B-A3B-Instruct,Estimated from text
2026-01-09T00:05:08.615844,5326,A,6245,851,7096,Qwen3-Next-80B-A3B-Instruct,Estimated from text
2026-01-09T00:05:11.931430,5326,B,3471,582,4053,Qwen3-Next-80B-A3B-Instruct,Estimated from text
2026-01-09T00:20:24.072288,5328,S,1849,1949,3798,Qwen3-Next-80B-A3B-Instruct,Estimated from text
2026-01-09T00:20:27.391814,5328,A,5831,657,6488,Qwen3-Next-80B-A3B-Instruct,Estimated from text
2026-01-09T00:20:30.507477,5328,B,3282,591,3873,Qwen3-Next-80B-A3B-Instruct,Estimated from text
2026-01-09T00:20:40.167348,5329,S,1849,1907,3756,Qwen3-Next-80B-A3B-Instruct,Estimated from text
2026-01-09T00:20:43.682125,5329,A,5784,666,6450,Qwen3-Next-80B-A3B-Instruct,Estimated from text
2026-01-09T00:20:46.095321,5329,B,3291,447,3738,Qwen3-Next-80B-A3B-Instruct,Estimated from text
2026-01-09T00:20:56.569965,5330,S,1849,1989,3838,Qwen3-Next-80B-A3B-Instruct,Estimated from text
2026-01-09T00:21:00.690041,5330,A,5869,857,6726,Qwen3-Next-80B-A3B-Instruct,Estimated from text
2026-01-09T00:21:04.309162,5330,B,3482,627,4109,Qwen3-Next-80B-A3B-Instruct,Estimated from text
2026-01-09T00:21:16.393337,5331,S,1849,2094,3943,Qwen3-Next-80B-A3B-Instruct,Estimated from text
2026-01-09T00:21:21.619403,5331,A,5972,909,6881,Qwen3-Next-80B-A3B-Instruct,Estimated from text
2026-01-09T00:21:24.835974,5331,B,3529,537,4066,Qwen3-Next-80B-A3B-Instruct,Estimated from text
2026-01-09T00:21:35.303721,5332,S,1849,2037,3886,Qwen3-Next-80B-A3B-Instruct,Estimated from text
2026-01-09T00:21:41.230490,5332,A,5910,1017,6927,Qwen3-Next-80B-A3B-Instruct,Estimated from text
2026-01-09T00:21:44.347037,5332,B,3636,451,4087,Qwen3-Next-80B-A3B-Instruct,Estimated from text
2026-01-09T00:21:55.809210,5333,S,1849,2384,4233,Qwen3-Next-80B-A3B-Instruct,Estimated from text
2026-01-09T00:22:00.230703,5333,A,6258,853,7111,Qwen3-Next-80B-A3B-Instruct,Estimated from text
2026-01-09T00:22:03.245175,5333,B,3473,536,4009,Qwen3-Next-80B-A3B-Instruct,Estimated from text
2026-01-09T00:22:13.594870,5334,S,1849,1901,3750,Qwen3-Next-80B-A3B-Instruct,Estimated from text
2026-01-09T00:22:18.617319,5334,A,5774,794,6568,Qwen3-Next-80B-A3B-Instruct,Estimated from text
2026-01-09T00:22:22.235585,5334,B,3414,584,3998,Qwen3-Next-80B-A3B-Instruct,Estimated from text
2026-01-09T00:22:34.908919,5335,S,1849,2360,4209,Qwen3-Next-80B-A3B-Instruct,Estimated from text
2026-01-09T00:22:39.931531,5335,A,6237,872,7109,Qwen3-Next-80B-A3B-Instruct,Estimated from text
2026-01-09T00:22:43.150520,5335,B,3492,465,3957,Qwen3-Next-80B-A3B-Instruct,Estimated from text
2026-01-09T00:22:53.114812,5336,S,1849,1835,3684,Qwen3-Next-80B-A3B-Instruct,Estimated from text
2026-01-09T00:22:58.241575,5336,A,5709,874,6583,Qwen3-Next-80B-A3B-Instruct,Estimated from text
2026-01-09T00:23:00.956064,5336,B,3494,444,3938,Qwen3-Next-80B-A3B-Instruct,Estimated from text
2026-01-09T00:23:12.322368,5337,S,1849,2099,3948,Qwen3-Next-80B-A3B-Instruct,Estimated from text
2026-01-09T00:23:16.542286,5337,A,5973,722,6695,Qwen3-Next-80B-A3B-Instruct,Estimated from text
2026-01-09T00:23:20.060482,5337,B,3342,590,3932,Qwen3-Next-80B-A3B-Instruct,Estimated from text
2026-01-09T00:23:29.620282,5338,S,1849,1815,3664,Qwen3-Next-80B-A3B-Instruct,Estimated from text
2026-01-09T00:23:35.644647,5338,A,5688,1058,6746,Qwen3-Next-80B-A3B-Instruct,Estimated from text
2026-01-09T00:23:38.459222,5338,B,3678,481,4159,Qwen3-Next-80B-A3B-Instruct,Estimated from text
2026-01-09T00:23:50.238504,5339,S,1849,2348,4197,Qwen3-Next-80B-A3B-Instruct,Estimated from text
2026-01-09T00:23:55.363502,5339,A,6222,1017,7239,Qwen3-Next-80B-A3B-Instruct,Estimated from text
2026-01-09T00:23:58.678749,5339,B,3636,639,4275,Qwen3-Next-80B-A3B-Instruct,Estimated from text
2026-01-09T00:24:08.937444,5340,S,1849,2005,3854,Qwen3-Next-80B-A3B-Instruct,Estimated from text
2026-01-09T00:24:12.657079,5340,A,5874,688,6562,Qwen3-Next-80B-A3B-Instruct,Estimated from text
2026-01-09T00:24:15.672087,5340,B,3308,525,3833,Qwen3-Next-80B-A3B-Instruct,Estimated from text
2026-01-09T00:24:24.738776,5341,S,1849,1839,3688,Qwen3-Next-80B-A3B-Instruct,Estimated from text
2026-01-09T00:24:28.958390,5341,A,5708,810,6518,Qwen3-Next-80B-A3B-Instruct,Estimated from text
2026-01-09T00:24:31.773210,5341,B,3429,450,3879,Qwen3-Next-80B-A3B-Instruct,Estimated from text
2026-01-09T00:24:42.540319,5342,S,1849,2136,3985,Qwen3-Next-80B-A3B-Instruct,Estimated from text
2026-01-09T00:24:47.362513,5342,A,6007,846,6853,Qwen3-Next-80B-A3B-Instruct,Estimated from text
2026-01-09T00:24:50.677994,5342,B,3465,551,4016,Qwen3-Next-80B-A3B-Instruct,Estimated from text
2026-01-09T00:25:01.024970,5343,S,1849,2087,3936,Qwen3-Next-80B-A3B-Instruct,Estimated from text
2026-01-09T00:25:06.149493,5343,A,5959,939,6898,Qwen3-Next-80B-A3B-Instruct,Estimated from text
2026-01-09T00:25:09.469189,5343,B,3559,566,4125,Qwen3-Next-80B-A3B-Instruct,Estimated from text
2026-01-09T00:25:23.945784,5344,S,1849,2895,4744,Qwen3-Next-80B-A3B-Instruct,Estimated from text
2026-01-09T00:25:28.665858,5344,A,6777,833,7610,Qwen3-Next-80B-A3B-Instruct,Estimated from text
2026-01-09T00:25:31.279569,5344,B,3453,432,3885,Qwen3-Next-80B-A3B-Instruct,Estimated from text
2026-01-09T00:25:41.244335,5346,S,1849,1831,3680,Qwen3-Next-80B-A3B-Instruct,Estimated from text
2026-01-09T00:25:47.171130,5346,A,5709,1026,6735,Qwen3-Next-80B-A3B-Instruct,Estimated from text
2026-01-09T00:25:50.085047,5346,B,3651,561,4212,Qwen3-Next-80B-A3B-Instruct,Estimated from text
2026-01-09T00:26:01.823923,5348,S,1849,2187,4036,Qwen3-Next-80B-A3B-Instruct,Estimated from text
2026-01-09T00:26:05.940626,5348,A,6066,673,6739,Qwen3-Next-80B-A3B-Instruct,Estimated from text
2026-01-09T00:26:08.763376,5348,B,3297,455,3752,Qwen3-Next-80B-A3B-Instruct,Estimated from text
2026-01-09T00:26:19.021591,5349,S,1849,1858,3707,Qwen3-Next-80B-A3B-Instruct,Estimated from text
2026-01-09T00:26:22.537232,5349,A,5727,579,6306,Qwen3-Next-80B-A3B-Instruct,Estimated from text
2026-01-09T00:26:25.651484,5349,B,3197,492,3689,Qwen3-Next-80B-A3B-Instruct,Estimated from text
2026-01-09T00:26:36.023551,5350,S,1849,1845,3694,Qwen3-Next-80B-A3B-Instruct,Estimated from text
2026-01-09T00:26:40.950261,5350,A,5719,907,6626,Qwen3-Next-80B-A3B-Instruct,Estimated from text
2026-01-09T00:26:43.963555,5350,B,3525,554,4079,Qwen3-Next-80B-A3B-Instruct,Estimated from text
2026-01-09T00:26:54.822742,5351,S,1849,1944,3793,Qwen3-Next-80B-A3B-Instruct,Estimated from text
2026-01-09T00:26:59.949840,5351,A,5818,963,6781,Qwen3-Next-80B-A3B-Instruct,Estimated from text
2026-01-09T00:27:02.562328,5351,B,3581,396,3977,Qwen3-Next-80B-A3B-Instruct,Estimated from text
2026-01-09T00:27:12.822574,5352,S,1849,1920,3769,Qwen3-Next-80B-A3B-Instruct,Estimated from text
2026-01-09T00:27:15.937268,5352,A,5790,557,6347,Qwen3-Next-80B-A3B-Instruct,Estimated from text
2026-01-09T00:27:18.751448,5352,B,3175,449,3624,Qwen3-Next-80B-A3B-Instruct,Estimated from text
2026-01-09T00:27:30.708444,5353,S,1849,2328,4177,Qwen3-Next-80B-A3B-Instruct,Estimated from text
2026-01-09T00:27:36.534144,5353,A,6207,1042,7249,Qwen3-Next-80B-A3B-Instruct,Estimated from text
2026-01-09T00:27:39.551457,5353,B,3660,456,4116,Qwen3-Next-80B-A3B-Instruct,Estimated from text
2026-01-09T00:27:49.016337,5354,S,1849,1732,3581,Qwen3-Next-80B-A3B-Instruct,Estimated from text
2026-01-09T00:27:54.341488,5354,A,5601,896,6497,Qwen3-Next-80B-A3B-Instruct,Estimated from text
2026-01-09T00:27:57.263405,5354,B,3514,461,3975,Qwen3-Next-80B-A3B-Instruct,Estimated from text
2026-01-09T00:28:11.542351,5355,S,1849,2226,4075,Qwen3-Next-80B-A3B-Instruct,Estimated from text
2026-01-09T00:28:15.761838,5355,A,6099,543,6642,Qwen3-Next-80B-A3B-Instruct,Estimated from text
2026-01-09T00:28:18.586100,5355,B,3162,441,3603,Qwen3-Next-80B-A3B-Instruct,Estimated from text
2026-01-09T00:28:28.558237,5356,S,1849,1910,3759,Qwen3-Next-80B-A3B-Instruct,Estimated from text
2026-01-09T00:28:32.778279,5356,A,5781,780,6561,Qwen3-Next-80B-A3B-Instruct,Estimated from text
2026-01-09T00:28:35.791389,5356,B,3399,488,3887,Qwen3-Next-80B-A3B-Instruct,Estimated from text
2026-01-09T00:28:45.340239,5357,S,1849,1661,3510,Qwen3-Next-80B-A3B-Instruct,Estimated from text
2026-01-09T00:28:48.957532,5357,A,5532,562,6094,Qwen3-Next-80B-A3B-Instruct,Estimated from text
2026-01-09T00:28:52.172814,5357,B,3180,522,3702,Qwen3-Next-80B-A3B-Instruct,Estimated from text
2026-01-09T00:29:02.233744,5358,S,1849,1851,3700,Qwen3-Next-80B-A3B-Instruct,Estimated from text
2026-01-09T00:29:06.753488,5358,A,5720,697,6417,Qwen3-Next-80B-A3B-Instruct,Estimated from text
2026-01-09T00:29:10.168635,5358,B,3315,580,3895,Qwen3-Next-80B-A3B-Instruct,Estimated from text
2026-01-09T00:29:20.246605,5359,S,1849,1845,3694,Qwen3-Next-80B-A3B-Instruct,Estimated from text
2026-01-09T00:29:24.063139,5359,A,5713,562,6275,Qwen3-Next-80B-A3B-Instruct,Estimated from text
2026-01-09T00:29:26.876577,5359,B,3180,456,3636,Qwen3-Next-80B-A3B-Instruct,Estimated from text
2026-01-09T00:29:37.034102,5360,S,1849,1839,3688,Qwen3-Next-80B-A3B-Instruct,Estimated from text
2026-01-09T00:29:40.853212,5360,A,5712,635,6347,Qwen3-Next-80B-A3B-Instruct,Estimated from text
2026-01-09T00:29:43.768088,5360,B,3253,471,3724,Qwen3-Next-80B-A3B-Instruct,Estimated from text
2026-01-09T00:29:54.028182,5361,S,1849,1844,3693,Qwen3-Next-80B-A3B-Instruct,Estimated from text
2026-01-09T00:29:59.053915,5361,A,5715,1016,6731,Qwen3-Next-80B-A3B-Instruct,Estimated from text
2026-01-09T00:30:01.765918,5361,B,3634,436,4070,Qwen3-Next-80B-A3B-Instruct,Estimated from text
2026-01-09T00:30:11.101682,5362,S,1849,1781,3630,Qwen3-Next-80B-A3B-Instruct,Estimated from text
2026-01-09T00:30:16.325859,5362,A,5652,999,6651,Qwen3-Next-80B-A3B-Instruct,Estimated from text
2026-01-09T00:30:19.443375,5362,B,3618,539,4157,Qwen3-Next-80B-A3B-Instruct,Estimated from text
2026-01-09T00:30:29.190032,5363,S,1849,2009,3858,Qwen3-Next-80B-A3B-Instruct,Estimated from text
2026-01-09T00:30:33.911675,5363,A,5878,861,6739,Qwen3-Next-80B-A3B-Instruct,Estimated from text
2026-01-09T00:30:36.624613,5363,B,3480,431,3911,Qwen3-Next-80B-A3B-Instruct,Estimated from text
2026-01-09T00:30:46.888457,5364,S,1849,1898,3747,Qwen3-Next-80B-A3B-Instruct,Estimated from text
2026-01-09T00:30:51.609493,5364,A,5768,882,6650,Qwen3-Next-80B-A3B-Instruct,Estimated from text
2026-01-09T00:30:54.324856,5364,B,3500,446,3946,Qwen3-Next-80B-A3B-Instruct,Estimated from text
2026-01-09T00:31:04.675352,5365,S,1849,1827,3676,Qwen3-Next-80B-A3B-Instruct,Estimated from text
2026-01-09T00:31:09.302582,5365,A,5698,795,6493,Qwen3-Next-80B-A3B-Instruct,Estimated from text
2026-01-09T00:31:12.418377,5365,B,3414,471,3885,Qwen3-Next-80B-A3B-Instruct,Estimated from text
2026-01-09T00:31:22.510256,5366,S,1849,1850,3699,Qwen3-Next-80B-A3B-Instruct,Estimated from text
2026-01-09T00:31:26.328982,5366,A,5719,597,6316,Qwen3-Next-80B-A3B-Instruct,Estimated from text
2026-01-09T00:31:29.646360,5366,B,3215,559,3774,Qwen3-Next-80B-A3B-Instruct,Estimated from text
2026-01-09T00:31:38.451588,5367,S,1849,1575,3424,Qwen3-Next-80B-A3B-Instruct,Estimated from text
2026-01-09T00:31:43.175118,5367,A,5444,800,6244,Qwen3-Next-80B-A3B-Instruct,Estimated from text
2026-01-09T00:31:46.188934,5367,B,3418,530,3948,Qwen3-Next-80B-A3B-Instruct,Estimated from text
2026-01-09T00:31:58.360646,5368,S,1849,2273,4122,Qwen3-Next-80B-A3B-Instruct,Estimated from text
2026-01-09T00:32:03.584823,5368,A,6147,840,6987,Qwen3-Next-80B-A3B-Instruct,Estimated from text
2026-01-09T00:32:07.401355,5368,B,3459,588,4047,Qwen3-Next-80B-A3B-Instruct,Estimated from text
2026-01-09T00:32:18.464680,5369,S,1849,2003,3852,Qwen3-Next-80B-A3B-Instruct,Estimated from text
2026-01-09T00:32:22.786066,5369,A,5871,770,6641,Qwen3-Next-80B-A3B-Instruct,Estimated from text
2026-01-09T00:32:25.599593,5369,B,3388,537,3925,Qwen3-Next-80B-A3B-Instruct,Estimated from text
2026-01-09T00:32:34.061812,5370,S,1849,1510,3359,Qwen3-Next-80B-A3B-Instruct,Estimated from text
2026-01-09T00:32:39.086223,5370,A,5379,861,6240,Qwen3-Next-80B-A3B-Instruct,Estimated from text
2026-01-09T00:32:41.800814,5370,B,3480,473,3953,Qwen3-Next-80B-A3B-Instruct,Estimated from text
2026-01-09T00:32:51.359215,5371,S,1849,1648,3497,Qwen3-Next-80B-A3B-Instruct,Estimated from text
2026-01-09T00:32:55.377685,5371,A,5520,703,6223,Qwen3-Next-80B-A3B-Instruct,Estimated from text
2026-01-09T00:32:58.594192,5371,B,3321,415,3736,Qwen3-Next-80B-A3B-Instruct,Estimated from text
2026-01-09T00:33:09.850799,5372,S,1849,2252,4101,Qwen3-Next-80B-A3B-Instruct,Estimated from text
2026-01-09T00:33:14.274717,5372,A,6126,868,6994,Qwen3-Next-80B-A3B-Instruct,Estimated from text
2026-01-09T00:33:17.089038,5372,B,3486,431,3917,Qwen3-Next-80B-A3B-Instruct,Estimated from text
2026-01-09T00:33:27.169514,5373,S,1849,1853,3702,Qwen3-Next-80B-A3B-Instruct,Estimated from text
2026-01-09T00:33:31.288928,5373,A,5727,688,6415,Qwen3-Next-80B-A3B-Instruct,Estimated from text
2026-01-09T00:33:34.304237,5373,B,3306,464,3770,Qwen3-Next-80B-A3B-Instruct,Estimated from text
2026-01-09T00:33:45.861282,5374,S,1849,1963,3812,Qwen3-Next-80B-A3B-Instruct,Estimated from text
2026-01-09T00:33:50.383018,5374,A,5832,823,6655,Qwen3-Next-80B-A3B-Instruct,Estimated from text
2026-01-09T00:33:53.296297,5374,B,3441,491,3932,Qwen3-Next-80B-A3B-Instruct,Estimated from text
2026-01-09T00:34:04.157252,5375,S,1849,1971,3820,Qwen3-Next-80B-A3B-Instruct,Estimated from text
2026-01-09T00:34:07.976332,5375,A,5844,662,6506,Qwen3-Next-80B-A3B-Instruct,Estimated from text
2026-01-09T00:34:10.890337,5375,B,3280,473,3753,Qwen3-Next-80B-A3B-Instruct,Estimated from text
2026-01-09T00:34:20.283833,5376,S,1849,1595,3444,Qwen3-Next-80B-A3B-Instruct,Estimated from text
2026-01-09T00:34:25.308662,5376,A,5463,848,6311,Qwen3-Next-80B-A3B-Instruct,Estimated from text
2026-01-09T00:34:28.626819,5376,B,3466,515,3981,Qwen3-Next-80B-A3B-Instruct,Estimated from text
2026-01-09T00:34:38.155023,5378,S,1849,1677,3526,Qwen3-Next-80B-A3B-Instruct,Estimated from text
2026-01-09T00:34:43.983548,5378,A,5543,1041,6584,Qwen3-Next-80B-A3B-Instruct,Estimated from text
2026-01-09T00:34:47.197490,5378,B,3656,569,4225,Qwen3-Next-80B-A3B-Instruct,Estimated from text
2026-01-09T00:34:58.645241,5380,S,1849,2140,3989,Qwen3-Next-80B-A3B-Instruct,Estimated from text
2026-01-09T00:35:03.665597,5380,A,6015,849,6864,Qwen3-Next-80B-A3B-Instruct,Estimated from text
2026-01-09T00:35:07.081329,5380,B,3467,586,4053,Qwen3-Next-80B-A3B-Instruct,Estimated from text
2026-01-09T00:35:18.039319,5381,S,1849,2009,3858,Qwen3-Next-80B-A3B-Instruct,Estimated from text
2026-01-09T00:35:22.762082,5381,A,5876,826,6702,Qwen3-Next-80B-A3B-Instruct,Estimated from text
2026-01-09T00:35:25.676955,5381,B,3440,411,3851,Qwen3-Next-80B-A3B-Instruct,Estimated from text
2026-01-09T00:35:37.942536,5382,S,1849,2422,4271,Qwen3-Next-80B-A3B-Instruct,Estimated from text
2026-01-09T00:35:42.261921,5382,A,6294,818,7112,Qwen3-Next-80B-A3B-Instruct,Estimated from text
2026-01-09T00:35:45.075677,5382,B,3432,498,3930,Qwen3-Next-80B-A3B-Instruct,Estimated from text
2026-01-09T00:35:55.345708,5384,S,1849,1910,3759,Qwen3-Next-80B-A3B-Instruct,Estimated from text
2026-01-09T00:35:58.664073,5384,A,5778,635,6413,Qwen3-Next-80B-A3B-Instruct,Estimated from text
2026-01-09T00:36:01.778157,5384,B,3251,525,3776,Qwen3-Next-80B-A3B-Instruct,Estimated from text
2026-01-09T00:36:13.642878,5385,S,1849,2172,4021,Qwen3-Next-80B-A3B-Instruct,Estimated from text
2026-01-09T00:36:17.766083,5385,A,6045,746,6791,Qwen3-Next-80B-A3B-Instruct,Estimated from text
2026-01-09T00:36:20.580057,5385,B,3360,435,3795,Qwen3-Next-80B-A3B-Instruct,Estimated from text
2026-01-09T00:36:29.933444,5386,S,1849,1731,3580,Qwen3-Next-80B-A3B-Instruct,Estimated from text
2026-01-09T00:36:34.352959,5386,A,5597,753,6350,Qwen3-Next-80B-A3B-Instruct,Estimated from text
2026-01-09T00:36:37.166018,5386,B,3367,431,3798,Qwen3-Next-80B-A3B-Instruct,Estimated from text
2026-01-09T00:36:47.319566,5387,S,1849,1869,3718,Qwen3-Next-80B-A3B-Instruct,Estimated from text
2026-01-09T00:36:51.538080,5387,A,5732,632,6364,Qwen3-Next-80B-A3B-Instruct,Estimated from text
2026-01-09T00:36:54.853618,5387,B,3246,522,3768,Qwen3-Next-80B-A3B-Instruct,Estimated from text
2026-01-09T00:37:06.710836,5388,S,1849,2369,4218,Qwen3-Next-80B-A3B-Instruct,Estimated from text
2026-01-09T00:37:11.134087,5388,A,6239,760,6999,Qwen3-Next-80B-A3B-Instruct,Estimated from text
2026-01-09T00:37:14.650555,5388,B,3374,671,4045,Qwen3-Next-80B-A3B-Instruct,Estimated from text
2026-01-09T00:37:23.850280,5389,S,1849,1654,3503,Qwen3-Next-80B-A3B-Instruct,Estimated from text
2026-01-09T00:37:29.375105,5389,A,5518,927,6445,Qwen3-Next-80B-A3B-Instruct,Estimated from text
2026-01-09T00:37:32.793222,5389,B,3541,504,4045,Qwen3-Next-80B-A3B-Instruct,Estimated from text
2026-01-09T00:37:41.575031,5390,S,1849,1547,3396,Qwen3-Next-80B-A3B-Instruct,Estimated from text
2026-01-09T00:37:46.296204,5390,A,5410,688,6098,Qwen3-Next-80B-A3B-Instruct,Estimated from text
2026-01-09T00:37:49.211077,5390,B,3302,420,3722,Qwen3-Next-80B-A3B-Instruct,Estimated from text
2026-01-09T00:37:59.104793,5391,S,1849,1754,3603,Qwen3-Next-80B-A3B-Instruct,Estimated from text
2026-01-09T00:38:02.723151,5391,A,5616,595,6211,Qwen3-Next-80B-A3B-Instruct,Estimated from text
2026-01-09T00:38:05.437354,5391,B,3209,396,3605,Qwen3-Next-80B-A3B-Instruct,Estimated from text
2026-01-09T00:38:14.284711,5392,S,1849,1626,3475,Qwen3-Next-80B-A3B-Instruct,Estimated from text
2026-01-09T00:38:18.502787,5392,A,5490,767,6257,Qwen3-Next-80B-A3B-Instruct,Estimated from text
2026-01-09T00:38:21.616460,5392,B,3381,529,3910,Qwen3-Next-80B-A3B-Instruct,Estimated from text
2026-01-09T00:38:31.367675,5393,S,1849,1789,3638,Qwen3-Next-80B-A3B-Instruct,Estimated from text
2026-01-09T00:38:36.488937,5393,A,5654,871,6525,Qwen3-Next-80B-A3B-Instruct,Estimated from text
2026-01-09T00:38:39.502676,5393,B,3485,471,3956,Qwen3-Next-80B-A3B-Instruct,Estimated from text
2026-01-09T00:38:51.208906,5394,S,1849,2090,3939,Qwen3-Next-80B-A3B-Instruct,Estimated from text
2026-01-09T00:38:55.829024,5394,A,5956,847,6803,Qwen3-Next-80B-A3B-Instruct,Estimated from text
2026-01-09T00:38:58.945523,5394,B,3461,481,3942,Qwen3-Next-80B-A3B-Instruct,Estimated from text
2026-01-09T00:39:09.838674,5395,S,1849,2103,3952,Qwen3-Next-80B-A3B-Instruct,Estimated from text
2026-01-09T00:39:14.056969,5395,A,5973,721,6694,Qwen3-Next-80B-A3B-Instruct,Estimated from text
2026-01-09T00:39:17.271849,5395,B,3335,495,3830,Qwen3-Next-80B-A3B-Instruct,Estimated from text
2026-01-09T00:39:27.036040,5396,S,1849,1740,3589,Qwen3-Next-80B-A3B-Instruct,Estimated from text
2026-01-09T00:39:31.054539,5396,A,5604,666,6270,Qwen3-Next-80B-A3B-Instruct,Estimated from text
2026-01-09T00:39:34.072054,5396,B,3279,447,3726,Qwen3-Next-80B-A3B-Instruct,Estimated from text
2026-01-09T00:39:45.930194,5397,S,1849,2293,4142,Qwen3-Next-80B-A3B-Instruct,Estimated from text
2026-01-09T00:39:50.750584,5397,A,6164,903,7067,Qwen3-Next-80B-A3B-Instruct,Estimated from text
2026-01-09T00:39:53.665356,5397,B,3516,474,3990,Qwen3-Next-80B-A3B-Instruct,Estimated from text
2026-01-09T00:40:05.166758,5398,S,1849,1764,3613,Qwen3-Next-80B-A3B-Instruct,Estimated from text
2026-01-09T00:40:11.396324,5398,A,5628,898,6526,Qwen3-Next-80B-A3B-Instruct,Estimated from text
2026-01-09T00:40:13.908567,5398,B,3512,342,3854,Qwen3-Next-80B-A3B-Instruct,Estimated from text
2026-01-09T00:40:24.360026,5399,S,1849,1902,3751,Qwen3-Next-80B-A3B-Instruct,Estimated from text
2026-01-09T00:40:29.083017,5399,A,5769,852,6621,Qwen3-Next-80B-A3B-Instruct,Estimated from text
2026-01-09T00:40:31.797085,5399,B,3465,468,3933,Qwen3-Next-80B-A3B-Instruct,Estimated from text
2026-01-09T00:40:43.703210,5400,S,1849,1966,3815,Qwen3-Next-80B-A3B-Instruct,Estimated from text
2026-01-09T00:40:48.528538,5400,A,5837,706,6543,Qwen3-Next-80B-A3B-Instruct,Estimated from text
2026-01-09T00:40:51.443704,5400,B,3320,445,3765,Qwen3-Next-80B-A3B-Instruct,Estimated from text
2026-01-09T00:41:02.619965,5401,S,1849,2068,3917,Qwen3-Next-80B-A3B-Instruct,Estimated from text
2026-01-09T00:41:07.442220,5401,A,5936,724,6660,Qwen3-Next-80B-A3B-Instruct,Estimated from text
2026-01-09T00:41:10.356997,5401,B,3338,436,3774,Qwen3-Next-80B-A3B-Instruct,Estimated from text
2026-01-09T00:41:23.141962,5402,S,1849,2299,4148,Qwen3-Next-80B-A3B-Instruct,Estimated from text
2026-01-09T00:41:28.164960,5402,A,6168,669,6837,Qwen3-Next-80B-A3B-Instruct,Estimated from text
2026-01-09T00:41:31.481773,5402,B,3282,553,3835,Qwen3-Next-80B-A3B-Instruct,Estimated from text
2026-01-09T00:41:40.165452,5403,S,1849,1481,3330,Qwen3-Next-80B-A3B-Instruct,Estimated from text
2026-01-09T00:41:43.983963,5403,A,5346,686,6032,Qwen3-Next-80B-A3B-Instruct,Estimated from text
2026-01-09T00:41:49.411077,5403,B,3300,902,4202,Qwen3-Next-80B-A3B-Instruct,Estimated from text
2026-01-09T00:41:58.384908,5404,S,1849,1674,3523,Qwen3-Next-80B-A3B-Instruct,Estimated from text
2026-01-09T00:42:02.502745,5404,A,5538,732,6270,Qwen3-Next-80B-A3B-Instruct,Estimated from text
2026-01-09T00:42:05.818617,5404,B,3346,585,3931,Qwen3-Next-80B-A3B-Instruct,Estimated from text
2026-01-09T00:42:18.098011,5405,S,1849,2279,4128,Qwen3-Next-80B-A3B-Instruct,Estimated from text
2026-01-09T00:42:22.820781,5405,A,6150,749,6899,Qwen3-Next-80B-A3B-Instruct,Estimated from text
2026-01-09T00:42:25.837340,5405,B,3363,472,3835,Qwen3-Next-80B-A3B-Instruct,Estimated from text
2026-01-09T00:42:38.257458,5406,S,1849,2229,4078,Qwen3-Next-80B-A3B-Instruct,Estimated from text
2026-01-09T00:42:43.278914,5406,A,6100,938,7038,Qwen3-Next-80B-A3B-Instruct,Estimated from text
2026-01-09T00:42:45.892567,5406,B,3552,426,3978,Qwen3-Next-80B-A3B-Instruct,Estimated from text
2026-01-09T00:42:55.342880,5407,S,1849,1745,3594,Qwen3-Next-80B-A3B-Instruct,Estimated from text
2026-01-09T00:42:59.059159,5407,A,5610,627,6237,Qwen3-Next-80B-A3B-Instruct,Estimated from text
2026-01-09T00:43:01.973217,5407,B,3241,402,3643,Qwen3-Next-80B-A3B-Instruct,Estimated from text
2026-01-09T00:43:10.319632,5408,S,1849,1548,3397,Qwen3-Next-80B-A3B-Instruct,Estimated from text
2026-01-09T00:43:15.643671,5408,A,5412,754,6166,Qwen3-Next-80B-A3B-Instruct,Estimated from text
2026-01-09T00:43:19.062359,5408,B,3368,532,3900,Qwen3-Next-80B-A3B-Instruct,Estimated from text
2026-01-09T00:43:29.211930,5409,S,1849,1764,3613,Qwen3-Next-80B-A3B-Instruct,Estimated from text
2026-01-09T00:43:33.131017,5409,A,5631,697,6328,Qwen3-Next-80B-A3B-Instruct,Estimated from text
2026-01-09T00:43:35.947136,5409,B,3311,441,3752,Qwen3-Next-80B-A3B-Instruct,Estimated from text
2026-01-09T00:43:46.996248,5410,S,1849,2080,3929,Qwen3-Next-80B-A3B-Instruct,Estimated from text
2026-01-09T00:43:50.914006,5410,A,5944,627,6571,Qwen3-Next-80B-A3B-Instruct,Estimated from text
2026-01-09T00:43:53.927221,5410,B,3241,417,3658,Qwen3-Next-80B-A3B-Instruct,Estimated from text
2026-01-09T00:44:03.980998,5411,S,1849,1803,3652,Qwen3-Next-80B-A3B-Instruct,Estimated from text
2026-01-09T00:44:08.502007,5411,A,5668,706,6374,Qwen3-Next-80B-A3B-Instruct,Estimated from text
2026-01-09T00:44:11.516909,5411,B,3320,420,3740,Qwen3-Next-80B-A3B-Instruct,Estimated from text
2026-01-09T00:44:20.491688,5412,S,1849,1540,3389,Qwen3-Next-80B-A3B-Instruct,Estimated from text
2026-01-09T00:44:24.609649,5412,A,5404,698,6102,Qwen3-Next-80B-A3B-Instruct,Estimated from text
2026-01-09T00:44:27.526709,5412,B,3312,440,3752,Qwen3-Next-80B-A3B-Instruct,Estimated from text
2026-01-09T00:44:38.112491,5414,S,1849,1741,3590,Qwen3-Next-80B-A3B-Instruct,Estimated from text
2026-01-09T00:44:41.831846,5414,A,5611,782,6393,Qwen3-Next-80B-A3B-Instruct,Estimated from text
2026-01-09T00:44:45.046812,5414,B,3399,633,4032,Qwen3-Next-80B-A3B-Instruct,Estimated from text
2026-01-09T00:44:54.206342,5415,S,1849,1632,3481,Qwen3-Next-80B-A3B-Instruct,Estimated from text
2026-01-09T00:44:59.230014,5415,A,5499,965,6464,Qwen3-Next-80B-A3B-Instruct,Estimated from text
2026-01-09T00:45:02.445896,5415,B,3582,566,4148,Qwen3-Next-80B-A3B-Instruct,Estimated from text
2026-01-09T00:45:11.629718,5416,S,1849,1611,3460,Qwen3-Next-80B-A3B-Instruct,Estimated from text
2026-01-09T00:45:16.351865,5416,A,5477,813,6290,Qwen3-Next-80B-A3B-Instruct,Estimated from text
2026-01-09T00:45:19.768118,5416,B,3426,516,3942,Qwen3-Next-80B-A3B-Instruct,Estimated from text
2026-01-09T00:45:29.450912,5417,S,1849,1716,3565,Qwen3-Next-80B-A3B-Instruct,Estimated from text
2026-01-09T00:45:34.676144,5417,A,5585,633,6218,Qwen3-Next-80B-A3B-Instruct,Estimated from text
2026-01-09T00:45:37.890377,5417,B,3247,422,3669,Qwen3-Next-80B-A3B-Instruct,Estimated from text
2026-01-09T00:45:45.454979,5418,S,1849,1293,3142,Qwen3-Next-80B-A3B-Instruct,Estimated from text
2026-01-09T00:45:49.573038,5418,A,5154,664,5818,Qwen3-Next-80B-A3B-Instruct,Estimated from text
2026-01-09T00:45:52.785685,5418,B,3278,567,3845,Qwen3-Next-80B-A3B-Instruct,Estimated from text
2026-01-09T00:46:02.213397,5419,S,1849,1641,3490,Qwen3-Next-80B-A3B-Instruct,Estimated from text
2026-01-09T00:46:06.037791,5419,A,5505,578,6083,Qwen3-Next-80B-A3B-Instruct,Estimated from text
2026-01-09T00:46:10.558375,5419,B,3192,846,4038,Qwen3-Next-80B-A3B-Instruct,Estimated from text
2026-01-09T00:46:23.218198,5420,S,1849,1970,3819,Qwen3-Next-80B-A3B-Instruct,Estimated from text
2026-01-09T00:46:27.937650,5420,A,5839,826,6665,Qwen3-Next-80B-A3B-Instruct,Estimated from text
2026-01-09T00:46:30.952303,5420,B,3440,516,3956,Qwen3-Next-80B-A3B-Instruct,Estimated from text
2026-01-09T00:46:40.706025,5421,S,1849,1848,3697,Qwen3-Next-80B-A3B-Instruct,Estimated from text
2026-01-09T00:46:44.222783,5421,A,5716,637,6353,Qwen3-Next-80B-A3B-Instruct,Estimated from text
2026-01-09T00:46:47.437889,5421,B,3251,475,3726,Qwen3-Next-80B-A3B-Instruct,Estimated from text
2026-01-09T00:46:56.893362,5422,S,1849,1727,3576,Qwen3-Next-80B-A3B-Instruct,Estimated from text
2026-01-09T00:47:02.417849,5422,A,5592,1037,6629,Qwen3-Next-80B-A3B-Instruct,Estimated from text
2026-01-09T00:47:06.037263,5422,B,3651,522,4173,Qwen3-Next-80B-A3B-Instruct,Estimated from text
2026-01-09T00:47:15.461339,5423,S,1849,1728,3577,Qwen3-Next-80B-A3B-Instruct,Estimated from text
2026-01-09T00:47:19.080792,5423,A,5595,645,6240,Qwen3-Next-80B-A3B-Instruct,Estimated from text
2026-01-09T00:47:22.095024,5423,B,3258,528,3786,Qwen3-Next-80B-A3B-Instruct,Estimated from text
2026-01-09T00:47:33.291810,5425,S,1849,1929,3778,Qwen3-Next-80B-A3B-Instruct,Estimated from text
2026-01-09T00:47:37.212333,5425,A,5801,668,6469,Qwen3-Next-80B-A3B-Instruct,Estimated from text
2026-01-09T00:47:40.229247,5425,B,3285,549,3834,Qwen3-Next-80B-A3B-Instruct,Estimated from text
2026-01-09T00:47:49.997712,5427,S,1849,1649,3498,Qwen3-Next-80B-A3B-Instruct,Estimated from text
2026-01-09T00:47:54.223732,5427,A,5516,734,6250,Qwen3-Next-80B-A3B-Instruct,Estimated from text
2026-01-09T00:47:57.239484,5427,B,3350,427,3777,Qwen3-Next-80B-A3B-Instruct,Estimated from text
2026-01-09T00:48:08.039187,5428,S,1849,1896,3745,Qwen3-Next-80B-A3B-Instruct,Estimated from text
2026-01-09T00:48:12.760945,5428,A,5763,785,6548,Qwen3-Next-80B-A3B-Instruct,Estimated from text
2026-01-09T00:48:16.185376,5428,B,3399,557,3956,Qwen3-Next-80B-A3B-Instruct,Estimated from text
2026-01-09T00:48:24.971198,5429,S,1849,1647,3496,Qwen3-Next-80B-A3B-Instruct,Estimated from text
2026-01-09T00:48:29.395643,5429,A,5512,736,6248,Qwen3-Next-80B-A3B-Instruct,Estimated from text
2026-01-09T00:48:32.815468,5429,B,3350,552,3902,Qwen3-Next-80B-A3B-Instruct,Estimated from text
2026-01-09T00:48:42.596012,5430,S,1849,1879,3728,Qwen3-Next-80B-A3B-Instruct,Estimated from text
2026-01-09T00:48:46.741534,5430,A,5745,692,6437,Qwen3-Next-80B-A3B-Instruct,Estimated from text
2026-01-09T00:48:49.958439,5430,B,3306,539,3845,Qwen3-Next-80B-A3B-Instruct,Estimated from text
2026-01-09T00:49:00.635546,5431,S,1849,1828,3677,Qwen3-Next-80B-A3B-Instruct,Estimated from text
2026-01-09T00:49:04.752954,5431,A,5694,784,6478,Qwen3-Next-80B-A3B-Instruct,Estimated from text
2026-01-09T00:49:08.067488,5431,B,3398,550,3948,Qwen3-Next-80B-A3B-Instruct,Estimated from text
2026-01-09T00:49:17.645960,5432,S,1849,1833,3682,Qwen3-Next-80B-A3B-Instruct,Estimated from text
2026-01-09T00:49:21.463475,5432,A,5697,572,6269,Qwen3-Next-80B-A3B-Instruct,Estimated from text
2026-01-09T00:49:24.582177,5432,B,3186,529,3715,Qwen3-Next-80B-A3B-Instruct,Estimated from text
2026-01-09T00:49:34.622411,5434,S,1849,1702,3551,Qwen3-Next-80B-A3B-Instruct,Estimated from text
2026-01-09T00:49:38.843011,5434,A,5568,715,6283,Qwen3-Next-80B-A3B-Instruct,Estimated from text
2026-01-09T00:49:42.462681,5434,B,3329,586,3915,Qwen3-Next-80B-A3B-Instruct,Estimated from text
2026-01-09T00:49:52.336045,5435,S,1849,1756,3605,Qwen3-Next-80B-A3B-Instruct,Estimated from text
2026-01-09T00:49:56.256643,5435,A,5620,692,6312,Qwen3-Next-80B-A3B-Instruct,Estimated from text
2026-01-09T00:49:59.372905,5435,B,3306,483,3789,Qwen3-Next-80B-A3B-Instruct,Estimated from text
2026-01-09T00:50:07.785503,5436,S,1849,1653,3502,Qwen3-Next-80B-A3B-Instruct,Estimated from text
2026-01-09T00:50:11.903338,5436,A,5517,642,6159,Qwen3-Next-80B-A3B-Instruct,Estimated from text
2026-01-09T00:50:14.716445,5436,B,3254,448,3702,Qwen3-Next-80B-A3B-Instruct,Estimated from text
2026-01-09T00:50:24.431914,5438,S,1849,1508,3357,Qwen3-Next-80B-A3B-Instruct,Estimated from text
2026-01-09T00:50:28.855705,5438,A,5372,844,6216,Qwen3-Next-80B-A3B-Instruct,Estimated from text
2026-01-09T00:50:32.475597,5438,B,3462,578,4040,Qwen3-Next-80B-A3B-Instruct,Estimated from text
2026-01-09T00:50:43.254084,5439,S,1849,2044,3893,Qwen3-Next-80B-A3B-Instruct,Estimated from text
2026-01-09T00:50:47.174487,5439,A,5914,726,6640,Qwen3-Next-80B-A3B-Instruct,Estimated from text
2026-01-09T00:50:50.188585,5439,B,3339,487,3826,Qwen3-Next-80B-A3B-Instruct,Estimated from text
2026-01-09T00:50:59.447377,5440,S,1849,1661,3510,Qwen3-Next-80B-A3B-Instruct,Estimated from text
2026-01-09T00:51:04.069676,5440,A,5524,799,6323,Qwen3-Next-80B-A3B-Instruct,Estimated from text
2026-01-09T00:51:07.086039,5440,B,3413,477,3890,Qwen3-Next-80B-A3B-Instruct,Estimated from text
2026-01-09T00:51:18.040947,5441,S,1849,1962,3811,Qwen3-Next-80B-A3B-Instruct,Estimated from text
2026-01-09T00:51:22.058997,5441,A,5832,690,6522,Qwen3-Next-80B-A3B-Instruct,Estimated from text
2026-01-09T00:51:25.678777,5441,B,3304,626,3930,Qwen3-Next-80B-A3B-Instruct,Estimated from text
2026-01-09T00:51:34.268227,5442,S,1849,1594,3443,Qwen3-Next-80B-A3B-Instruct,Estimated from text
2026-01-09T00:51:38.591220,5442,A,5458,768,6226,Qwen3-Next-80B-A3B-Instruct,Estimated from text
2026-01-09T00:51:42.008799,5442,B,3382,604,3986,Qwen3-Next-80B-A3B-Instruct,Estimated from text
2026-01-09T00:51:51.608680,5443,S,1849,1971,3820,Qwen3-Next-80B-A3B-Instruct,Estimated from text
2026-01-09T00:51:55.529147,5443,A,5839,794,6633,Qwen3-Next-80B-A3B-Instruct,Estimated from text
2026-01-09T00:51:58.551498,5443,B,3408,567,3975,Qwen3-Next-80B-A3B-Instruct,Estimated from text
2026-01-09T00:52:08.567449,5445,S,1849,1855,3704,Qwen3-Next-80B-A3B-Instruct,Estimated from text
2026-01-09T00:52:12.987417,5445,A,5720,801,6521,Qwen3-Next-80B-A3B-Instruct,Estimated from text
2026-01-09T00:52:16.302220,5445,B,3414,567,3981,Qwen3-Next-80B-A3B-Instruct,Estimated from text
2026-01-09T00:52:25.293874,5446,S,1849,1733,3582,Qwen3-Next-80B-A3B-Instruct,Estimated from text
2026-01-09T00:52:29.311963,5446,A,5596,664,6260,Qwen3-Next-80B-A3B-Instruct,Estimated from text
2026-01-09T00:52:32.626920,5446,B,3276,591,3867,Qwen3-Next-80B-A3B-Instruct,Estimated from text
2026-01-09T00:52:40.323892,5447,S,1849,1228,3077,Qwen3-Next-80B-A3B-Instruct,Estimated from text
2026-01-09T00:52:45.748294,5447,A,5087,844,5931,Qwen3-Next-80B-A3B-Instruct,Estimated from text
2026-01-09T00:52:48.867608,5447,B,3456,487,3943,Qwen3-Next-80B-A3B-Instruct,Estimated from text
2026-01-09T00:52:58.649718,5448,S,1849,1989,3838,Qwen3-Next-80B-A3B-Instruct,Estimated from text
2026-01-09T00:53:03.672162,5448,A,5853,894,6747,Qwen3-Next-80B-A3B-Instruct,Estimated from text
2026-01-09T00:53:06.885635,5448,B,3507,557,4064,Qwen3-Next-80B-A3B-Instruct,Estimated from text
2026-01-09T00:53:17.298143,5449,S,1849,2025,3874,Qwen3-Next-80B-A3B-Instruct,Estimated from text
2026-01-09T00:53:21.517367,5449,A,5890,716,6606,Qwen3-Next-80B-A3B-Instruct,Estimated from text
2026-01-09T00:53:24.833287,5449,B,3328,522,3850,Qwen3-Next-80B-A3B-Instruct,Estimated from text
2026-01-09T00:53:34.155267,5450,S,1849,1849,3698,Qwen3-Next-80B-A3B-Instruct,Estimated from text
2026-01-09T00:53:38.276715,5450,A,5712,650,6362,Qwen3-Next-80B-A3B-Instruct,Estimated from text
2026-01-09T00:53:40.990277,5450,B,3262,399,3661,Qwen3-Next-80B-A3B-Instruct,Estimated from text
2026-01-09T00:53:51.874092,5451,S,1849,2076,3925,Qwen3-Next-80B-A3B-Instruct,Estimated from text
2026-01-09T00:53:57.500879,5451,A,5940,1072,7012,Qwen3-Next-80B-A3B-Instruct,Estimated from text
2026-01-09T00:54:00.416477,5451,B,3684,426,4110,Qwen3-Next-80B-A3B-Instruct,Estimated from text
2026-01-09T00:54:09.108475,5452,S,1849,1674,3523,Qwen3-Next-80B-A3B-Instruct,Estimated from text
2026-01-09T00:54:13.127142,5452,A,5536,612,6148,Qwen3-Next-80B-A3B-Instruct,Estimated from text
2026-01-09T00:54:16.545675,5452,B,3225,539,3764,Qwen3-Next-80B-A3B-Instruct,Estimated from text
2026-01-09T00:54:26.649473,5454,S,1849,2048,3897,Qwen3-Next-80B-A3B-Instruct,Estimated from text
2026-01-09T00:54:31.171883,5454,A,5909,840,6749,Qwen3-Next-80B-A3B-Instruct,Estimated from text
2026-01-09T00:54:34.489435,5454,B,3451,481,3932,Qwen3-Next-80B-A3B-Instruct,Estimated from text
2026-01-09T00:54:44.886892,5455,S,1849,1977,3826,Qwen3-Next-80B-A3B-Instruct,Estimated from text
2026-01-09T00:54:50.412699,5455,A,5840,1113,6953,Qwen3-Next-80B-A3B-Instruct,Estimated from text
2026-01-09T00:54:53.729618,5455,B,3723,574,4297,Qwen3-Next-80B-A3B-Instruct,Estimated from text
2026-01-09T00:55:02.821229,5456,S,1849,1730,3579,Qwen3-Next-80B-A3B-Instruct,Estimated from text
2026-01-09T00:55:07.542458,5456,A,5592,893,6485,Qwen3-Next-80B-A3B-Instruct,Estimated from text
2026-01-09T00:55:10.456250,5456,B,3504,433,3937,Qwen3-Next-80B-A3B-Instruct,Estimated from text
2026-01-09T00:55:19.540270,5457,S,1849,1671,3520,Qwen3-Next-80B-A3B-Instruct,Estimated from text
2026-01-09T00:55:23.759127,5457,A,5531,713,6244,Qwen3-Next-80B-A3B-Instruct,Estimated from text
2026-01-09T00:55:26.976209,5457,B,3324,540,3864,Qwen3-Next-80B-A3B-Instruct,Estimated from text
2026-01-09T00:55:36.692533,5458,S,1849,1803,3652,Qwen3-Next-80B-A3B-Instruct,Estimated from text
2026-01-09T00:55:40.213423,5458,A,5662,674,6336,Qwen3-Next-80B-A3B-Instruct,Estimated from text
2026-01-09T00:55:43.429627,5458,B,3285,554,3839,Qwen3-Next-80B-A3B-Instruct,Estimated from text
2026-01-09T00:55:53.133071,5459,S,1849,1867,3716,Qwen3-Next-80B-A3B-Instruct,Estimated from text
2026-01-09T00:55:57.355662,5459,A,5732,687,6419,Qwen3-Next-80B-A3B-Instruct,Estimated from text
2026-01-09T00:56:00.069904,5459,B,3297,375,3672,Qwen3-Next-80B-A3B-Instruct,Estimated from text
2026-01-09T00:56:08.174798,5460,S,1849,1425,3274,Qwen3-Next-80B-A3B-Instruct,Estimated from text
2026-01-09T00:56:12.797881,5460,A,5286,794,6080,Qwen3-Next-80B-A3B-Instruct,Estimated from text
2026-01-09T00:56:16.214583,5460,B,3405,546,3951,Qwen3-Next-80B-A3B-Instruct,Estimated from text
2026-01-09T00:56:25.024104,5461,S,1849,1671,3520,Qwen3-Next-80B-A3B-Instruct,Estimated from text
2026-01-09T00:56:29.746448,5461,A,5533,847,6380,Qwen3-Next-80B-A3B-Instruct,Estimated from text
2026-01-09T00:56:32.864506,5461,B,3458,474,3932,Qwen3-Next-80B-A3B-Instruct,Estimated from text
2026-01-09T00:56:41.857772,5462,S,1849,1872,3721,Qwen3-Next-80B-A3B-Instruct,Estimated from text
2026-01-09T00:56:46.882260,5462,A,5733,988,6721,Qwen3-Next-80B-A3B-Instruct,Estimated from text
2026-01-09T00:56:50.195220,5462,B,3599,519,4118,Qwen3-Next-80B-A3B-Instruct,Estimated from text
2026-01-09T00:56:58.401507,5463,S,1849,1564,3413,Qwen3-Next-80B-A3B-Instruct,Estimated from text
2026-01-09T00:57:02.820468,5463,A,5423,809,6232,Qwen3-Next-80B-A3B-Instruct,Estimated from text
2026-01-09T00:57:05.935051,5463,B,3420,525,3945,Qwen3-Next-80B-A3B-Instruct,Estimated from text
2026-01-09T00:57:14.093745,5464,S,1849,1481,3330,Qwen3-Next-80B-A3B-Instruct,Estimated from text
2026-01-09T00:57:18.313914,5464,A,5342,738,6080,Qwen3-Next-80B-A3B-Instruct,Estimated from text
2026-01-09T00:57:21.528153,5464,B,3349,512,3861,Qwen3-Next-80B-A3B-Instruct,Estimated from text
2026-01-09T00:57:31.549889,5465,S,1849,1832,3681,Qwen3-Next-80B-A3B-Instruct,Estimated from text
2026-01-09T00:57:36.669900,5465,A,5693,955,6648,Qwen3-Next-80B-A3B-Instruct,Estimated from text
2026-01-09T00:57:40.487809,5465,B,3566,645,4211,Qwen3-Next-80B-A3B-Instruct,Estimated from text
2026-01-09T00:57:51.564148,5466,S,1849,2015,3864,Qwen3-Next-80B-A3B-Instruct,Estimated from text
2026-01-09T00:57:56.084885,5466,A,5880,772,6652,Qwen3-Next-80B-A3B-Instruct,Estimated from text
2026-01-09T00:57:59.199738,5466,B,3383,448,3831,Qwen3-Next-80B-A3B-Instruct,Estimated from text
2026-01-09T00:58:08.317856,5467,S,1849,1715,3564,Qwen3-Next-80B-A3B-Instruct,Estimated from text
2026-01-09T00:58:12.045041,5467,A,5578,650,6228,Qwen3-Next-80B-A3B-Instruct,Estimated from text
2026-01-09T00:58:14.757439,5467,B,3261,415,3676,Qwen3-Next-80B-A3B-Instruct,Estimated from text
2026-01-09T00:58:25.148500,5468,S,1849,1826,3675,Qwen3-Next-80B-A3B-Instruct,Estimated from text
2026-01-09T00:58:29.768990,5468,A,5690,864,6554,Qwen3-Next-80B-A3B-Instruct,Estimated from text
2026-01-09T00:58:32.888276,5468,B,3475,519,3994,Qwen3-Next-80B-A3B-Instruct,Estimated from text
2026-01-09T00:58:43.979060,5469,S,1849,2065,3914,Qwen3-Next-80B-A3B-Instruct,Estimated from text
2026-01-09T00:58:49.104122,5469,A,5929,974,6903,Qwen3-Next-80B-A3B-Instruct,Estimated from text
2026-01-09T00:58:51.615947,5469,B,3585,366,3951,Qwen3-Next-80B-A3B-Instruct,Estimated from text
2026-01-09T00:59:01.475404,5470,S,1849,1774,3623,Qwen3-Next-80B-A3B-Instruct,Estimated from text
2026-01-09T00:59:05.797047,5470,A,5635,777,6412,Qwen3-Next-80B-A3B-Instruct,Estimated from text
2026-01-09T00:59:09.114939,5470,B,3387,574,3961,Qwen3-Next-80B-A3B-Instruct,Estimated from text
2026-01-09T00:59:19.278502,5471,S,1849,1800,3649,Qwen3-Next-80B-A3B-Instruct,Estimated from text
2026-01-09T00:59:24.104423,5471,A,5661,816,6477,Qwen3-Next-80B-A3B-Instruct,Estimated from text
2026-01-09T00:59:27.423811,5471,B,3427,504,3931,Qwen3-Next-80B-A3B-Instruct,Estimated from text
2026-01-09T00:59:38.930139,5472,S,1849,2214,4063,Qwen3-Next-80B-A3B-Instruct,Estimated from text
2026-01-09T00:59:43.048598,5472,A,6081,744,6825,Qwen3-Next-80B-A3B-Instruct,Estimated from text
2026-01-09T00:59:46.063814,5472,B,3354,522,3876,Qwen3-Next-80B-A3B-Instruct,Estimated from text
2026-01-09T00:59:55.655322,5473,S,1849,1762,3611,Qwen3-Next-80B-A3B-Instruct,Estimated from text
2026-01-09T01:00:00.278654,5473,A,5625,795,6420,Qwen3-Next-80B-A3B-Instruct,Estimated from text
2026-01-09T01:00:03.597608,5473,B,3405,575,3980,Qwen3-Next-80B-A3B-Instruct,Estimated from text
2026-01-09T01:00:15.576522,5474,S,1849,2079,3928,Qwen3-Next-80B-A3B-Instruct,Estimated from text
2026-01-09T01:00:19.596359,5474,A,5947,636,6583,Qwen3-Next-80B-A3B-Instruct,Estimated from text
2026-01-09T01:00:23.212458,5474,B,3246,585,3831,Qwen3-Next-80B-A3B-Instruct,Estimated from text
2026-01-09T01:00:32.880973,5475,S,1849,1707,3556,Qwen3-Next-80B-A3B-Instruct,Estimated from text
2026-01-09T01:00:37.599610,5475,A,5571,841,6412,Qwen3-Next-80B-A3B-Instruct,Estimated from text
2026-01-09T01:00:41.218171,5475,B,3452,514,3966,Qwen3-Next-80B-A3B-Instruct,Estimated from text
2026-01-09T01:00:50.817692,5476,S,1849,1710,3559,Qwen3-Next-80B-A3B-Instruct,Estimated from text
2026-01-09T01:00:56.139620,5476,A,5571,940,6511,Qwen3-Next-80B-A3B-Instruct,Estimated from text
2026-01-09T01:00:59.459648,5476,B,3549,558,4107,Qwen3-Next-80B-A3B-Instruct,Estimated from text
2026-01-09T01:01:08.443300,5477,S,1849,1700,3549,Qwen3-Next-80B-A3B-Instruct,Estimated from text
2026-01-09T01:01:13.164246,5477,A,5559,894,6453,Qwen3-Next-80B-A3B-Instruct,Estimated from text
2026-01-09T01:01:16.178998,5477,B,3504,503,4007,Qwen3-Next-80B-A3B-Instruct,Estimated from text
2026-01-09T01:01:25.865178,5478,S,1849,1884,3733,Qwen3-Next-80B-A3B-Instruct,Estimated from text
2026-01-09T01:01:29.483505,5478,A,5743,641,6384,Qwen3-Next-80B-A3B-Instruct,Estimated from text
2026-01-09T01:01:32.198801,5478,B,3250,419,3669,Qwen3-Next-80B-A3B-Instruct,Estimated from text
2026-01-09T01:01:41.831602,5479,S,1849,1929,3778,Qwen3-Next-80B-A3B-Instruct,Estimated from text
2026-01-09T01:01:46.152513,5479,A,5793,706,6499,Qwen3-Next-80B-A3B-Instruct,Estimated from text
2026-01-09T01:01:49.470422,5479,B,3315,556,3871,Qwen3-Next-80B-A3B-Instruct,Estimated from text
2026-01-09T01:01:59.071703,5480,S,1849,1842,3691,Qwen3-Next-80B-A3B-Instruct,Estimated from text
2026-01-09T01:02:03.492011,5480,A,5703,765,6468,Qwen3-Next-80B-A3B-Instruct,Estimated from text
2026-01-09T01:02:06.607783,5480,B,3374,459,3833,Qwen3-Next-80B-A3B-Instruct,Estimated from text
2026-01-09T01:02:15.758924,5483,S,1849,1554,3403,Qwen3-Next-80B-A3B-Instruct,Estimated from text
2026-01-09T01:02:20.779808,5483,A,5421,1029,6450,Qwen3-Next-80B-A3B-Instruct,Estimated from text
2026-01-09T01:02:24.499166,5483,B,3645,654,4299,Qwen3-Next-80B-A3B-Instruct,Estimated from text
2026-01-09T01:02:34.745401,5484,S,1849,1923,3772,Qwen3-Next-80B-A3B-Instruct,Estimated from text
2026-01-09T01:02:39.169711,5484,A,5791,780,6571,Qwen3-Next-80B-A3B-Instruct,Estimated from text
2026-01-09T01:02:42.384170,5484,B,3393,513,3906,Qwen3-Next-80B-A3B-Instruct,Estimated from text
2026-01-09T01:02:51.365871,5485,S,1849,1825,3674,Qwen3-Next-80B-A3B-Instruct,Estimated from text
2026-01-09T01:02:55.485587,5485,A,5691,785,6476,Qwen3-Next-80B-A3B-Instruct,Estimated from text
2026-01-09T01:02:58.199139,5485,B,3402,411,3813,Qwen3-Next-80B-A3B-Instruct,Estimated from text
2026-01-09T01:03:07.778191,5486,S,1849,1626,3475,Qwen3-Next-80B-A3B-Instruct,Estimated from text
2026-01-09T01:03:12.398978,5486,A,5491,891,6382,Qwen3-Next-80B-A3B-Instruct,Estimated from text
2026-01-09T01:03:15.112809,5486,B,3507,471,3978,Qwen3-Next-80B-A3B-Instruct,Estimated from text
2026-01-09T01:03:25.631958,5487,S,1849,1959,3808,Qwen3-Next-80B-A3B-Instruct,Estimated from text
2026-01-09T01:03:30.253352,5487,A,5827,845,6672,Qwen3-Next-80B-A3B-Instruct,Estimated from text
2026-01-09T01:03:33.371208,5487,B,3462,525,3987,Qwen3-Next-80B-A3B-Instruct,Estimated from text
2026-01-09T01:03:42.735291,5488,S,1849,1587,3436,Qwen3-Next-80B-A3B-Instruct,Estimated from text
2026-01-09T01:03:47.456079,5488,A,5453,897,6350,Qwen3-Next-80B-A3B-Instruct,Estimated from text
2026-01-09T01:03:50.772968,5488,B,3513,535,4048,Qwen3-Next-80B-A3B-Instruct,Estimated from text
2026-01-09T01:04:00.036343,5489,S,1849,1573,3422,Qwen3-Next-80B-A3B-Instruct,Estimated from text
2026-01-09T01:04:03.853556,5489,A,5440,735,6175,Qwen3-Next-80B-A3B-Instruct,Estimated from text
2026-01-09T01:04:06.365511,5489,B,3351,373,3724,Qwen3-Next-80B-A3B-Instruct,Estimated from text
2026-01-09T01:04:14.924054,5490,S,1849,1637,3486,Qwen3-Next-80B-A3B-Instruct,Estimated from text
2026-01-09T01:04:18.949113,5490,A,5502,566,6068,Qwen3-Next-80B-A3B-Instruct,Estimated from text
2026-01-09T01:04:21.964929,5490,B,3183,445,3628,Qwen3-Next-80B-A3B-Instruct,Estimated from text
2026-01-09T01:04:32.852299,5491,S,1849,2109,3958,Qwen3-Next-80B-A3B-Instruct,Estimated from text
2026-01-09T01:04:36.670992,5491,A,5979,597,6576,Qwen3-Next-80B-A3B-Instruct,Estimated from text
2026-01-09T01:04:39.484949,5491,B,3214,441,3655,Qwen3-Next-80B-A3B-Instruct,Estimated from text
2026-01-09T01:04:49.397411,5492,S,1849,1824,3673,Qwen3-Next-80B-A3B-Instruct,Estimated from text
2026-01-09T01:04:55.624641,5492,A,5694,1251,6945,Qwen3-Next-80B-A3B-Instruct,Estimated from text
2026-01-09T01:04:58.437770,5492,B,3868,384,4252,Qwen3-Next-80B-A3B-Instruct,Estimated from text
2026-01-09T01:05:07.814013,5493,S,1849,1737,3586,Qwen3-Next-80B-A3B-Instruct,Estimated from text
2026-01-09T01:05:11.832843,5493,A,5604,691,6295,Qwen3-Next-80B-A3B-Instruct,Estimated from text
2026-01-09T01:05:14.747488,5493,B,3308,459,3767,Qwen3-Next-80B-A3B-Instruct,Estimated from text
2026-01-09T01:05:25.568126,5494,S,1849,1990,3839,Qwen3-Next-80B-A3B-Instruct,Estimated from text
2026-01-09T01:05:30.690532,5494,A,5863,855,6718,Qwen3-Next-80B-A3B-Instruct,Estimated from text
2026-01-09T01:05:34.416545,5494,B,3472,572,4044,Qwen3-Next-80B-A3B-Instruct,Estimated from text
2026-01-09T01:05:44.480783,5496,S,1849,1804,3653,Qwen3-Next-80B-A3B-Instruct,Estimated from text
2026-01-09T01:05:49.605375,5496,A,5674,1026,6700,Qwen3-Next-80B-A3B-Instruct,Estimated from text
2026-01-09T01:06:36.680325,5498,S,1849,2438,4287,Qwen3-Next-80B-A3B-Instruct,Estimated from text
2026-01-09T01:06:41.807768,5498,A,6321,927,7248,Qwen3-Next-80B-A3B-Instruct,Estimated from text
2026-01-09T01:06:45.022503,5498,B,3551,541,4092,Qwen3-Next-80B-A3B-Instruct,Estimated from text
2026-01-09T01:06:54.556167,5499,S,1849,1764,3613,Qwen3-Next-80B-A3B-Instruct,Estimated from text
2026-01-09T01:06:59.881626,5499,A,5636,1062,6698,Qwen3-Next-80B-A3B-Instruct,Estimated from text
2026-01-09T01:07:03.096150,5499,B,3680,510,4190,Qwen3-Next-80B-A3B-Instruct,Estimated from text
2026-01-09T01:07:13.083385,5500,S,1849,1877,3726,Qwen3-Next-80B-A3B-Instruct,Estimated from text
2026-01-09T01:07:16.901171,5500,A,5746,700,6446,Qwen3-Next-80B-A3B-Instruct,Estimated from text
2026-01-09T01:07:20.116962,5500,B,3318,517,3835,Qwen3-Next-80B-A3B-Instruct,Estimated from text
2026-01-09T01:07:32.161675,5501,S,1849,2091,3940,Qwen3-Next-80B-A3B-Instruct,Estimated from text
2026-01-09T01:07:36.986046,5501,A,5964,854,6818,Qwen3-Next-80B-A3B-Instruct,Estimated from text
2026-01-09T01:07:39.806673,5501,B,3472,480,3952,Qwen3-Next-80B-A3B-Instruct,Estimated from text
2026-01-09T01:07:51.254491,5502,S,1849,2079,3928,Qwen3-Next-80B-A3B-Instruct,Estimated from text
2026-01-09T01:07:55.474776,5502,A,5949,721,6670,Qwen3-Next-80B-A3B-Instruct,Estimated from text
2026-01-09T01:07:58.790462,5502,B,3339,519,3858,Qwen3-Next-80B-A3B-Instruct,Estimated from text
2026-01-09T01:08:11.799305,5503,S,1849,2508,4357,Qwen3-Next-80B-A3B-Instruct,Estimated from text
2026-01-09T01:08:17.226095,5503,A,6389,1005,7394,Qwen3-Next-80B-A3B-Instruct,Estimated from text
2026-01-09T01:08:20.344702,5503,B,3624,547,4171,Qwen3-Next-80B-A3B-Instruct,Estimated from text
2026-01-09T01:08:29.558006,5504,S,1849,1749,3598,Qwen3-Next-80B-A3B-Instruct,Estimated from text
2026-01-09T01:08:33.475096,5504,A,5619,684,6303,Qwen3-Next-80B-A3B-Instruct,Estimated from text
2026-01-09T01:08:36.089584,5504,B,3303,336,3639,Qwen3-Next-80B-A3B-Instruct,Estimated from text
2026-01-09T01:08:47.577667,5505,S,1849,2136,3985,Qwen3-Next-80B-A3B-Instruct,Estimated from text
2026-01-09T01:08:52.403851,5505,A,6008,895,6903,Qwen3-Next-80B-A3B-Instruct,Estimated from text
2026-01-09T01:08:55.820089,5505,B,3513,569,4082,Qwen3-Next-80B-A3B-Instruct,Estimated from text
2026-01-09T01:09:05.997548,5506,S,1849,1893,3742,Qwen3-Next-80B-A3B-Instruct,Estimated from text
2026-01-09T01:09:10.524159,5506,A,5765,765,6530,Qwen3-Next-80B-A3B-Instruct,Estimated from text
2026-01-09T01:09:13.641049,5506,B,3384,476,3860,Qwen3-Next-80B-A3B-Instruct,Estimated from text
2026-01-09T01:09:24.959374,5507,S,1849,2021,3870,Qwen3-Next-80B-A3B-Instruct,Estimated from text
2026-01-09T01:09:29.479574,5507,A,5894,756,6650,Qwen3-Next-80B-A3B-Instruct,Estimated from text
2026-01-09T01:10:14.138986,5509,S,1849,1709,3558,Qwen3-Next-80B-A3B-Instruct,Estimated from text
2026-01-09T01:10:18.460604,5509,A,5584,741,6325,Qwen3-Next-80B-A3B-Instruct,Estimated from text
2026-01-09T01:10:21.979394,5509,B,3364,618,3982,Qwen3-Next-80B-A3B-Instruct,Estimated from text
2026-01-09T01:10:30.243604,5510,S,1849,1455,3304,Qwen3-Next-80B-A3B-Instruct,Estimated from text
2026-01-09T01:10:34.261099,5510,A,5322,669,5991,Qwen3-Next-80B-A3B-Instruct,Estimated from text
2026-01-09T01:10:37.580707,5510,B,3288,567,3855,Qwen3-Next-80B-A3B-Instruct,Estimated from text
2026-01-09T01:10:48.877811,5511,S,1849,1923,3772,Qwen3-Next-80B-A3B-Instruct,Estimated from text
2026-01-09T01:10:52.398426,5511,A,5798,652,6450,Qwen3-Next-80B-A3B-Instruct,Estimated from text
2026-01-09T01:10:55.011716,5511,B,3270,375,3645,Qwen3-Next-80B-A3B-Instruct,Estimated from text
2026-01-09T01:11:04.204500,5512,S,1849,1626,3475,Qwen3-Next-80B-A3B-Instruct,Estimated from text
2026-01-09T01:11:08.927479,5512,A,5496,852,6348,Qwen3-Next-80B-A3B-Instruct,Estimated from text
2026-01-09T01:11:12.549053,5512,B,3470,618,4088,Qwen3-Next-80B-A3B-Instruct,Estimated from text
2026-01-09T01:11:21.751124,5514,S,1849,1616,3465,Qwen3-Next-80B-A3B-Instruct,Estimated from text
2026-01-09T01:11:26.071772,5514,A,5493,745,6238,Qwen3-Next-80B-A3B-Instruct,Estimated from text
2026-01-09T01:11:29.991083,5514,B,3369,676,4045,Qwen3-Next-80B-A3B-Instruct,Estimated from text
2026-01-09T01:11:40.580694,5515,S,1849,1912,3761,Qwen3-Next-80B-A3B-Instruct,Estimated from text
2026-01-09T01:11:44.900826,5515,A,5782,756,6538,Qwen3-Next-80B-A3B-Instruct,Estimated from text
2026-01-09T01:11:48.418371,5515,B,3372,547,3919,Qwen3-Next-80B-A3B-Instruct,Estimated from text
2026-01-09T01:11:56.582268,5516,S,1849,1421,3270,Qwen3-Next-80B-A3B-Instruct,Estimated from text
2026-01-09T01:12:00.708382,5516,A,5285,703,5988,Qwen3-Next-80B-A3B-Instruct,Estimated from text
2026-01-09T01:12:03.728400,5516,B,3318,402,3720,Qwen3-Next-80B-A3B-Instruct,Estimated from text
2026-01-09T01:12:13.098566,5517,S,1849,1785,3634,Qwen3-Next-80B-A3B-Instruct,Estimated from text
2026-01-09T01:12:16.915654,5517,A,5651,700,6351,Qwen3-Next-80B-A3B-Instruct,Estimated from text
2026-01-09T01:12:19.930117,5517,B,3315,495,3810,Qwen3-Next-80B-A3B-Instruct,Estimated from text
2026-01-09T01:12:30.418333,5519,S,1849,1853,3702,Qwen3-Next-80B-A3B-Instruct,Estimated from text
2026-01-09T01:12:34.438268,5519,A,5730,740,6470,Qwen3-Next-80B-A3B-Instruct,Estimated from text
2026-01-09T01:12:37.655070,5519,B,3365,564,3929,Qwen3-Next-80B-A3B-Instruct,Estimated from text
2026-01-09T01:12:48.332109,5520,S,1849,1953,3802,Qwen3-Next-80B-A3B-Instruct,Estimated from text
2026-01-09T01:12:51.850206,5520,A,5830,618,6448,Qwen3-Next-80B-A3B-Instruct,Estimated from text
2026-01-09T01:13:35.679290,5521,S,1849,1767,3616,Qwen3-Next-80B-A3B-Instruct,Estimated from text
2026-01-09T01:13:40.708962,5521,A,5643,970,6613,Qwen3-Next-80B-A3B-Instruct,Estimated from text
2026-01-09T01:13:43.724782,5521,B,3595,531,4126,Qwen3-Next-80B-A3B-Instruct,Estimated from text
2026-01-09T01:13:52.984428,5522,S,1849,1758,3607,Qwen3-Next-80B-A3B-Instruct,Estimated from text
2026-01-09T01:13:57.405370,5522,A,5634,831,6465,Qwen3-Next-80B-A3B-Instruct,Estimated from text
2026-01-09T01:14:00.221143,5522,B,3456,482,3938,Qwen3-Next-80B-A3B-Instruct,Estimated from text
2026-01-09T01:14:09.310893,5523,S,1849,1707,3556,Qwen3-Next-80B-A3B-Instruct,Estimated from text
2026-01-09T01:14:13.227714,5523,A,5583,701,6284,Qwen3-Next-80B-A3B-Instruct,Estimated from text
2026-01-09T01:14:16.343444,5523,B,3326,504,3830,Qwen3-Next-80B-A3B-Instruct,Estimated from text
2026-01-09T01:14:25.717787,5524,S,1849,1781,3630,Qwen3-Next-80B-A3B-Instruct,Estimated from text
2026-01-09T01:14:29.435233,5524,A,5657,597,6254,Qwen3-Next-80B-A3B-Instruct,Estimated from text
2026-01-09T01:14:32.952031,5524,B,3222,519,3741,Qwen3-Next-80B-A3B-Instruct,Estimated from text
2026-01-09T01:14:43.740971,5525,S,1849,1943,3792,Qwen3-Next-80B-A3B-Instruct,Estimated from text
2026-01-09T01:14:48.263550,5525,A,5816,728,6544,Qwen3-Next-80B-A3B-Instruct,Estimated from text
2026-01-09T01:14:51.077209,5525,B,3348,468,3816,Qwen3-Next-80B-A3B-Instruct,Estimated from text
2026-01-09T01:15:00.356322,5526,S,1849,1651,3500,Qwen3-Next-80B-A3B-Instruct,Estimated from text
2026-01-09T01:15:04.875917,5526,A,5525,748,6273,Qwen3-Next-80B-A3B-Instruct,Estimated from text
2026-01-09T01:15:07.793242,5526,B,3368,438,3806,Qwen3-Next-80B-A3B-Instruct,Estimated from text
2026-01-09T01:15:18.075197,5527,S,1849,1893,3742,Qwen3-Next-80B-A3B-Instruct,Estimated from text
2026-01-09T01:15:22.199582,5527,A,5766,675,6441,Qwen3-Next-80B-A3B-Instruct,Estimated from text
2026-01-09T01:15:25.215488,5527,B,3295,446,3741,Qwen3-Next-80B-A3B-Instruct,Estimated from text
2026-01-09T01:15:35.509851,5528,S,1849,2055,3904,Qwen3-Next-80B-A3B-Instruct,Estimated from text
2026-01-09T01:15:41.251723,5528,A,5928,936,6864,Qwen3-Next-80B-A3B-Instruct,Estimated from text
2026-01-09T01:15:44.913562,5528,B,3555,496,4051,Qwen3-Next-80B-A3B-Instruct,Estimated from text
2026-01-09T01:15:54.989084,5529,S,1849,2041,3890,Qwen3-Next-80B-A3B-Instruct,Estimated from text
2026-01-09T01:15:58.707890,5529,A,5913,574,6487,Qwen3-Next-80B-A3B-Instruct,Estimated from text
2026-01-09T01:16:01.423472,5529,B,3194,407,3601,Qwen3-Next-80B-A3B-Instruct,Estimated from text
2026-01-09T01:16:12.204640,5530,S,1849,2184,4033,Qwen3-Next-80B-A3B-Instruct,Estimated from text
2026-01-09T01:16:16.935466,5530,A,6060,730,6790,Qwen3-Next-80B-A3B-Instruct,Estimated from text
2026-01-09T01:16:20.353924,5530,B,3350,510,3860,Qwen3-Next-80B-A3B-Instruct,Estimated from text
2026-01-09T01:16:30.344332,5531,S,1849,1728,3577,Qwen3-Next-80B-A3B-Instruct,Estimated from text
2026-01-09T01:16:34.567684,5531,A,5601,658,6259,Qwen3-Next-80B-A3B-Instruct,Estimated from text
2026-01-09T01:16:37.387394,5531,B,3278,439,3717,Qwen3-Next-80B-A3B-Instruct,Estimated from text
2026-01-09T01:16:50.310482,5533,S,1849,2201,4050,Qwen3-Next-80B-A3B-Instruct,Estimated from text
2026-01-09T01:16:55.041355,5533,A,6084,809,6893,Qwen3-Next-80B-A3B-Instruct,Estimated from text
2026-01-09T01:17:39.871142,5534,S,1849,1786,3635,Qwen3-Next-80B-A3B-Instruct,Estimated from text
2026-01-09T01:17:43.991899,5534,A,5660,707,6367,Qwen3-Next-80B-A3B-Instruct,Estimated from text
2026-01-09T01:17:47.208838,5534,B,3332,496,3828,Qwen3-Next-80B-A3B-Instruct,Estimated from text
2026-01-09T01:17:56.581105,5535,S,1849,1785,3634,Qwen3-Next-80B-A3B-Instruct,Estimated from text
2026-01-09T01:18:01.803119,5535,A,5661,1084,6745,Qwen3-Next-80B-A3B-Instruct,Estimated from text
2026-01-09T01:18:05.015941,5535,B,3709,494,4203,Qwen3-Next-80B-A3B-Instruct,Estimated from text
2026-01-09T01:18:14.199094,5536,S,1849,1890,3739,Qwen3-Next-80B-A3B-Instruct,Estimated from text
2026-01-09T01:18:18.419602,5536,A,5767,775,6542,Qwen3-Next-80B-A3B-Instruct,Estimated from text
2026-01-09T01:18:21.533071,5536,B,3400,511,3911,Qwen3-Next-80B-A3B-Instruct,Estimated from text
2026-01-09T01:18:33.131661,5537,S,1849,2223,4072,Qwen3-Next-80B-A3B-Instruct,Estimated from text
2026-01-09T01:18:36.955955,5537,A,6102,625,6727,Qwen3-Next-80B-A3B-Instruct,Estimated from text
2026-01-09T01:18:39.973396,5537,B,3246,497,3743,Qwen3-Next-80B-A3B-Instruct,Estimated from text
2026-01-09T01:18:49.484716,5538,S,1849,1635,3484,Qwen3-Next-80B-A3B-Instruct,Estimated from text
2026-01-09T01:18:53.406471,5538,A,5508,608,6116,Qwen3-Next-80B-A3B-Instruct,Estimated from text
2026-01-09T01:18:56.224216,5538,B,3229,441,3670,Qwen3-Next-80B-A3B-Instruct,Estimated from text
2026-01-09T01:19:08.021699,5540,S,1849,2214,4063,Qwen3-Next-80B-A3B-Instruct,Estimated from text
2026-01-09T01:19:11.540631,5540,A,6102,561,6663,Qwen3-Next-80B-A3B-Instruct,Estimated from text
2026-01-09T01:19:15.674448,5540,B,3190,487,3677,Qwen3-Next-80B-A3B-Instruct,Estimated from text
2026-01-09T01:19:23.548193,5541,S,1849,1398,3247,Qwen3-Next-80B-A3B-Instruct,Estimated from text
2026-01-09T01:19:27.867568,5541,A,5269,735,6004,Qwen3-Next-80B-A3B-Instruct,Estimated from text
2026-01-09T01:19:31.182826,5541,B,3357,496,3853,Qwen3-Next-80B-A3B-Instruct,Estimated from text
2026-01-09T01:19:40.875045,5542,S,1849,1911,3760,Qwen3-Next-80B-A3B-Instruct,Estimated from text
2026-01-09T01:19:44.996135,5542,A,5784,748,6532,Qwen3-Next-80B-A3B-Instruct,Estimated from text
2026-01-09T01:19:47.711987,5542,B,3369,455,3824,Qwen3-Next-80B-A3B-Instruct,Estimated from text
2026-01-09T01:19:57.422822,5544,S,1849,1910,3759,Qwen3-Next-80B-A3B-Instruct,Estimated from text
2026-01-09T01:20:01.039930,5544,A,5790,575,6365,Qwen3-Next-80B-A3B-Instruct,Estimated from text
2026-01-09T01:20:03.653428,5544,B,3204,388,3592,Qwen3-Next-80B-A3B-Instruct,Estimated from text
2026-01-09T01:20:16.241318,5545,S,1849,2290,4139,Qwen3-Next-80B-A3B-Instruct,Estimated from text
2026-01-09T01:20:21.066620,5545,A,6177,809,6986,Qwen3-Next-80B-A3B-Instruct,Estimated from text
2026-01-09T01:20:24.390047,5545,B,3436,526,3962,Qwen3-Next-80B-A3B-Instruct,Estimated from text
2026-01-09T01:20:35.870420,5546,S,1849,2250,4099,Qwen3-Next-80B-A3B-Instruct,Estimated from text
2026-01-09T01:20:40.092040,5546,A,6132,747,6879,Qwen3-Next-80B-A3B-Instruct,Estimated from text
2026-01-09T01:20:43.006099,5546,B,3374,507,3881,Qwen3-Next-80B-A3B-Instruct,Estimated from text
2026-01-09T01:20:53.692205,5547,S,1849,2113,3962,Qwen3-Next-80B-A3B-Instruct,Estimated from text
2026-01-09T01:20:58.917319,5547,A,5996,852,6848,Qwen3-Next-80B-A3B-Instruct,Estimated from text
2026-01-09T01:21:02.132935,5547,B,3479,498,3977,Qwen3-Next-80B-A3B-Instruct,Estimated from text
2026-01-09T01:21:12.807400,5548,S,1849,2094,3943,Qwen3-Next-80B-A3B-Instruct,Estimated from text
2026-01-09T01:21:19.049932,5548,A,5974,1230,7204,Qwen3-Next-80B-A3B-Instruct,Estimated from text
2026-01-09T01:21:22.269058,5548,B,3858,521,4379,Qwen3-Next-80B-A3B-Instruct,Estimated from text
2026-01-09T01:21:33.481174,5550,S,1849,1983,3832,Qwen3-Next-80B-A3B-Instruct,Estimated from text
2026-01-09T01:21:37.903497,5550,A,5871,857,6728,Qwen3-Next-80B-A3B-Instruct,Estimated from text
2026-01-09T01:21:41.319908,5550,B,3488,542,4030,Qwen3-Next-80B-A3B-Instruct,Estimated from text
2026-01-09T01:21:52.416516,5551,S,1849,1999,3848,Qwen3-Next-80B-A3B-Instruct,Estimated from text
2026-01-09T01:21:57.049616,5551,A,5877,807,6684,Qwen3-Next-80B-A3B-Instruct,Estimated from text
2026-01-09T01:22:00.768259,5551,B,3434,615,4049,Qwen3-Next-80B-A3B-Instruct,Estimated from text
2026-01-09T01:22:11.864470,5552,S,1849,2005,3854,Qwen3-Next-80B-A3B-Instruct,Estimated from text
2026-01-09T01:22:16.686388,5552,A,5886,912,6798,Qwen3-Next-80B-A3B-Instruct,Estimated from text
2026-01-09T01:22:20.305059,5552,B,3540,628,4168,Qwen3-Next-80B-A3B-Instruct,Estimated from text
2026-01-09T01:22:29.072723,5553,S,1849,1525,3374,Qwen3-Next-80B-A3B-Instruct,Estimated from text
2026-01-09T01:22:33.091807,5553,A,5404,669,6073,Qwen3-Next-80B-A3B-Instruct,Estimated from text
2026-01-09T01:22:36.007075,5553,B,3296,471,3767,Qwen3-Next-80B-A3B-Instruct,Estimated from text
2026-01-09T01:22:46.806296,5554,S,1849,2067,3916,Qwen3-Next-80B-A3B-Instruct,Estimated from text
2026-01-09T01:22:51.833589,5554,A,5948,890,6838,Qwen3-Next-80B-A3B-Instruct,Estimated from text
2026-01-09T01:22:55.251328,5554,B,3517,466,3983,Qwen3-Next-80B-A3B-Instruct,Estimated from text
2026-01-09T01:23:05.422289,5555,S,1849,1859,3708,Qwen3-Next-80B-A3B-Instruct,Estimated from text
2026-01-09T01:23:10.042486,5555,A,5740,732,6472,Qwen3-Next-80B-A3B-Instruct,Estimated from text
2026-01-09T01:23:13.358782,5555,B,3359,525,3884,Qwen3-Next-80B-A3B-Instruct,Estimated from text
2026-01-09T01:23:24.133237,5556,S,1849,1791,3640,Qwen3-Next-80B-A3B-Instruct,Estimated from text
2026-01-09T01:23:28.453434,5556,A,5673,741,6414,Qwen3-Next-80B-A3B-Instruct,Estimated from text
2026-01-09T01:23:32.171692,5556,B,3368,636,4004,Qwen3-Next-80B-A3B-Instruct,Estimated from text
2026-01-09T01:23:50.076323,5557,S,1849,3157,5006,Qwen3-Next-80B-A3B-Instruct,Estimated from text
2026-01-09T01:23:54.698667,5557,A,7060,666,7726,Qwen3-Next-80B-A3B-Instruct,Estimated from text
2026-01-09T01:23:57.613481,5557,B,3294,416,3710,Qwen3-Next-80B-A3B-Instruct,Estimated from text
2026-01-09T01:24:07.811090,5559,S,1849,1979,3828,Qwen3-Next-80B-A3B-Instruct,Estimated from text
2026-01-09T01:24:12.436178,5559,A,5862,896,6758,Qwen3-Next-80B-A3B-Instruct,Estimated from text
2026-01-09T01:24:15.551413,5559,B,3528,522,4050,Qwen3-Next-80B-A3B-Instruct,Estimated from text
2026-01-09T01:24:26.636868,5560,S,1849,1965,3814,Qwen3-Next-80B-A3B-Instruct,Estimated from text
2026-01-09T01:24:30.956762,5560,A,5851,694,6545,Qwen3-Next-80B-A3B-Instruct,Estimated from text
2026-01-09T01:24:34.173839,5560,B,3327,511,3838,Qwen3-Next-80B-A3B-Instruct,Estimated from text
2026-01-09T01:24:44.358863,5561,S,1849,1873,3722,Qwen3-Next-80B-A3B-Instruct,Estimated from text
2026-01-09T01:24:49.583194,5561,A,5758,924,6682,Qwen3-Next-80B-A3B-Instruct,Estimated from text
2026-01-09T01:24:52.803224,5561,B,3556,497,4053,Qwen3-Next-80B-A3B-Instruct,Estimated from text
2026-01-09T01:25:04.597896,5562,S,1849,2169,4018,Qwen3-Next-80B-A3B-Instruct,Estimated from text
2026-01-09T01:25:09.119613,5562,A,6057,711,6768,Qwen3-Next-80B-A3B-Instruct,Estimated from text
2026-01-09T01:25:11.933967,5562,B,3343,450,3793,Qwen3-Next-80B-A3B-Instruct,Estimated from text
2026-01-09T01:25:23.222260,5563,S,1849,2243,4092,Qwen3-Next-80B-A3B-Instruct,Estimated from text
2026-01-09T01:25:27.443508,5563,A,6129,822,6951,Qwen3-Next-80B-A3B-Instruct,Estimated from text
2026-01-09T01:25:30.559218,5563,B,3453,548,4001,Qwen3-Next-80B-A3B-Instruct,Estimated from text
2026-01-09T01:25:45.054183,5564,S,1849,2652,4501,Qwen3-Next-80B-A3B-Instruct,Estimated from text
2026-01-09T01:25:49.580942,5564,A,6550,776,7326,Qwen3-Next-80B-A3B-Instruct,Estimated from text
2026-01-09T01:25:52.393239,5564,B,3408,515,3923,Qwen3-Next-80B-A3B-Instruct,Estimated from text
2026-01-09T01:26:03.104366,5565,S,1849,2016,3865,Qwen3-Next-80B-A3B-Instruct,Estimated from text
2026-01-09T01:26:08.730844,5565,A,5902,1134,7036,Qwen3-Next-80B-A3B-Instruct,Estimated from text
2026-01-09T01:26:11.744583,5565,B,3766,426,4192,Qwen3-Next-80B-A3B-Instruct,Estimated from text
2026-01-09T01:26:19.823980,5566,S,1849,1572,3421,Qwen3-Next-80B-A3B-Instruct,Estimated from text
2026-01-09T01:26:23.743253,5566,A,5453,676,6129,Qwen3-Next-80B-A3B-Instruct,Estimated from text
2026-01-09T01:26:27.764022,5566,B,3308,716,4024,Qwen3-Next-80B-A3B-Instruct,Estimated from text
2026-01-09T01:26:34.819309,5567,S,1849,1187,3036,Qwen3-Next-80B-A3B-Instruct,Estimated from text
2026-01-09T01:26:39.449619,5567,A,5064,853,5917,Qwen3-Next-80B-A3B-Instruct,Estimated from text
2026-01-09T01:26:42.866174,5567,B,3485,582,4067,Qwen3-Next-80B-A3B-Instruct,Estimated from text
2026-01-09T01:26:52.555510,5568,S,1849,1775,3624,Qwen3-Next-80B-A3B-Instruct,Estimated from text
2026-01-09T01:26:56.698537,5568,A,5660,666,6326,Qwen3-Next-80B-A3B-Instruct,Estimated from text
2026-01-09T01:26:59.620931,5568,B,3298,455,3753,Qwen3-Next-80B-A3B-Instruct,Estimated from text
2026-01-09T01:27:10.602640,5569,S,1849,2103,3952,Qwen3-Next-80B-A3B-Instruct,Estimated from text
2026-01-09T01:27:15.424450,5569,A,5989,894,6883,Qwen3-Next-80B-A3B-Instruct,Estimated from text
2026-01-09T01:27:18.642894,5569,B,3526,459,3985,Qwen3-Next-80B-A3B-Instruct,Estimated from text
2026-01-09T01:27:27.653305,5571,S,1849,1691,3540,Qwen3-Next-80B-A3B-Instruct,Estimated from text
2026-01-09T01:27:32.477361,5571,A,5571,651,6222,Qwen3-Next-80B-A3B-Instruct,Estimated from text
2026-01-09T01:27:35.291040,5571,B,3279,408,3687,Qwen3-Next-80B-A3B-Instruct,Estimated from text
2026-01-09T01:27:44.475228,5572,S,1849,1665,3514,Qwen3-Next-80B-A3B-Instruct,Estimated from text
2026-01-09T01:27:48.796573,5572,A,5545,741,6286,Qwen3-Next-80B-A3B-Instruct,Estimated from text
2026-01-09T01:27:51.920139,5572,B,3370,502,3872,Qwen3-Next-80B-A3B-Instruct,Estimated from text
2026-01-09T01:28:03.293424,5573,S,1849,2032,3881,Qwen3-Next-80B-A3B-Instruct,Estimated from text
2026-01-09T01:28:08.118166,5573,A,5917,704,6621,Qwen3-Next-80B-A3B-Instruct,Estimated from text
2026-01-09T01:28:11.435304,5573,B,3333,527,3860,Qwen3-Next-80B-A3B-Instruct,Estimated from text
2026-01-09T01:28:20.606874,5574,S,1849,1739,3588,Qwen3-Next-80B-A3B-Instruct,Estimated from text
2026-01-09T01:28:26.127073,5574,A,5618,956,6574,Qwen3-Next-80B-A3B-Instruct,Estimated from text
2026-01-09T01:28:29.145035,5574,B,3585,441,4026,Qwen3-Next-80B-A3B-Instruct,Estimated from text
2026-01-09T01:28:38.938496,5576,S,1849,1732,3581,Qwen3-Next-80B-A3B-Instruct,Estimated from text
2026-01-09T01:28:42.959896,5576,A,5611,715,6326,Qwen3-Next-80B-A3B-Instruct,Estimated from text
2026-01-09T01:28:46.075390,5576,B,3345,619,3964,Qwen3-Next-80B-A3B-Instruct,Estimated from text
2026-01-09T01:28:56.648248,5577,S,1849,1890,3739,Qwen3-Next-80B-A3B-Instruct,Estimated from text
2026-01-09T01:29:00.267199,5577,A,5770,579,6349,Qwen3-Next-80B-A3B-Instruct,Estimated from text
2026-01-09T01:29:03.081865,5577,B,3208,444,3652,Qwen3-Next-80B-A3B-Instruct,Estimated from text
2026-01-09T01:29:11.745415,5578,S,1849,1599,3448,Qwen3-Next-80B-A3B-Instruct,Estimated from text
2026-01-09T01:29:16.065738,5578,A,5480,858,6338,Qwen3-Next-80B-A3B-Instruct,Estimated from text
2026-01-09T01:29:50.316332,5578,B,3488,477,3965,Qwen3-Next-80B-A3B-Instruct,Estimated from text
2026-01-09T01:29:59.202840,5579,S,1849,1677,3526,Qwen3-Next-80B-A3B-Instruct,Estimated from text
2026-01-09T01:30:03.628067,5579,A,5555,788,6343,Qwen3-Next-80B-A3B-Instruct,Estimated from text
2026-01-09T01:30:06.346996,5579,B,3414,498,3912,Qwen3-Next-80B-A3B-Instruct,Estimated from text
2026-01-09T01:30:16.853359,5581,S,1849,2016,3865,Qwen3-Next-80B-A3B-Instruct,Estimated from text
2026-01-09T01:30:21.680031,5581,A,5898,855,6753,Qwen3-Next-80B-A3B-Instruct,Estimated from text
2026-01-09T01:30:24.896495,5581,B,3484,502,3986,Qwen3-Next-80B-A3B-Instruct,Estimated from text
2026-01-09T01:30:36.715966,5582,S,1849,2310,4159,Qwen3-Next-80B-A3B-Instruct,Estimated from text
2026-01-09T01:30:41.138887,5582,A,6192,770,6962,Qwen3-Next-80B-A3B-Instruct,Estimated from text
2026-01-09T01:30:44.253454,5582,B,3394,516,3910,Qwen3-Next-80B-A3B-Instruct,Estimated from text
2026-01-09T01:30:55.530378,5583,S,1849,2352,4201,Qwen3-Next-80B-A3B-Instruct,Estimated from text
2026-01-09T01:31:00.560091,5583,A,6233,900,7133,Qwen3-Next-80B-A3B-Instruct,Estimated from text
2026-01-09T01:31:04.381830,5583,B,3524,631,4155,Qwen3-Next-80B-A3B-Instruct,Estimated from text
2026-01-09T01:31:15.297049,5585,S,1849,2016,3865,Qwen3-Next-80B-A3B-Instruct,Estimated from text
2026-01-09T01:31:19.515971,5585,A,5897,654,6551,Qwen3-Next-80B-A3B-Instruct,Estimated from text
2026-01-09T01:31:22.933479,5585,B,3282,531,3813,Qwen3-Next-80B-A3B-Instruct,Estimated from text
2026-01-09T01:31:33.927851,5586,S,1849,2026,3875,Qwen3-Next-80B-A3B-Instruct,Estimated from text
2026-01-09T01:31:38.448883,5586,A,5906,718,6624,Qwen3-Next-80B-A3B-Instruct,Estimated from text
2026-01-09T01:31:42.168671,5586,B,3342,526,3868,Qwen3-Next-80B-A3B-Instruct,Estimated from text
2026-01-09T01:31:51.664102,5588,S,1849,1779,3628,Qwen3-Next-80B-A3B-Instruct,Estimated from text
2026-01-09T01:31:55.882233,5588,A,5658,822,6480,Qwen3-Next-80B-A3B-Instruct,Estimated from text
2026-01-09T01:31:58.496360,5588,B,3450,456,3906,Qwen3-Next-80B-A3B-Instruct,Estimated from text
2026-01-09T01:32:08.176297,5589,S,1849,1735,3584,Qwen3-Next-80B-A3B-Instruct,Estimated from text
2026-01-09T01:32:11.994641,5589,A,5613,646,6259,Qwen3-Next-80B-A3B-Instruct,Estimated from text
2026-01-09T01:32:15.009515,5589,B,3274,537,3811,Qwen3-Next-80B-A3B-Instruct,Estimated from text
2026-01-09T01:32:24.774443,5590,S,1849,1879,3728,Qwen3-Next-80B-A3B-Instruct,Estimated from text
2026-01-09T01:32:28.793973,5590,A,5760,704,6464,Qwen3-Next-80B-A3B-Instruct,Estimated from text
2026-01-09T01:32:31.606305,5590,B,3332,516,3848,Qwen3-Next-80B-A3B-Instruct,Estimated from text
2026-01-09T01:32:41.284865,5591,S,1849,1794,3643,Qwen3-Next-80B-A3B-Instruct,Estimated from text
2026-01-09T01:32:44.798785,5591,A,5674,644,6318,Qwen3-Next-80B-A3B-Instruct,Estimated from text
2026-01-09T01:32:48.717642,5591,B,3272,721,3993,Qwen3-Next-80B-A3B-Instruct,Estimated from text
2026-01-09T01:33:00.410398,5592,S,1849,2128,3977,Qwen3-Next-80B-A3B-Instruct,Estimated from text
2026-01-09T01:33:05.340000,5592,A,6011,924,6935,Qwen3-Next-80B-A3B-Instruct,Estimated from text
2026-01-09T01:33:08.562412,5592,B,3548,576,4124,Qwen3-Next-80B-A3B-Instruct,Estimated from text
2026-01-09T01:33:18.553199,5593,S,1849,1959,3808,Qwen3-Next-80B-A3B-Instruct,Estimated from text
2026-01-09T01:33:22.674644,5593,A,5839,701,6540,Qwen3-Next-80B-A3B-Instruct,Estimated from text
2026-01-09T01:33:25.588538,5593,B,3325,468,3793,Qwen3-Next-80B-A3B-Instruct,Estimated from text
2026-01-09T01:33:35.960692,5594,S,1849,1926,3775,Qwen3-Next-80B-A3B-Instruct,Estimated from text
2026-01-09T01:33:40.582479,5594,A,5802,829,6631,Qwen3-Next-80B-A3B-Instruct,Estimated from text
2026-01-09T01:33:43.497822,5594,B,3453,434,3887,Qwen3-Next-80B-A3B-Instruct,Estimated from text
2026-01-09T01:33:52.562039,5595,S,1849,1710,3559,Qwen3-Next-80B-A3B-Instruct,Estimated from text
2026-01-09T01:33:56.179292,5595,A,5586,639,6225,Qwen3-Next-80B-A3B-Instruct,Estimated from text
2026-01-09T01:33:59.694447,5595,B,3264,579,3843,Qwen3-Next-80B-A3B-Instruct,Estimated from text
2026-01-09T01:34:10.490306,5596,S,1849,2055,3904,Qwen3-Next-80B-A3B-Instruct,Estimated from text
2026-01-09T01:34:15.714947,5596,A,5937,968,6905,Qwen3-Next-80B-A3B-Instruct,Estimated from text
2026-01-09T01:34:18.530436,5596,B,3592,482,4074,Qwen3-Next-80B-A3B-Instruct,Estimated from text
2026-01-09T01:34:30.942624,5597,S,1849,2196,4045,Qwen3-Next-80B-A3B-Instruct,Estimated from text
2026-01-09T01:34:34.760591,5597,A,6078,659,6737,Qwen3-Next-80B-A3B-Instruct,Estimated from text
2026-01-09T01:34:37.876046,5597,B,3283,573,3856,Qwen3-Next-80B-A3B-Instruct,Estimated from text
2026-01-09T01:34:47.841927,5598,S,1849,1922,3771,Qwen3-Next-80B-A3B-Instruct,Estimated from text
2026-01-09T01:34:52.863428,5598,A,5798,813,6611,Qwen3-Next-80B-A3B-Instruct,Estimated from text
2026-01-09T01:34:56.482391,5598,B,3438,578,4016,Qwen3-Next-80B-A3B-Instruct,Estimated from text
2026-01-09T01:35:06.864566,5599,S,1849,1911,3760,Qwen3-Next-80B-A3B-Instruct,Estimated from text
2026-01-09T01:35:11.788298,5599,A,5790,852,6642,Qwen3-Next-80B-A3B-Instruct,Estimated from text
2026-01-09T01:35:14.504973,5599,B,3476,443,3919,Qwen3-Next-80B-A3B-Instruct,Estimated from text
2026-01-09T01:35:26.304138,5600,S,1849,2214,4063,Qwen3-Next-80B-A3B-Instruct,Estimated from text
2026-01-09T01:35:30.121900,5600,A,6096,729,6825,Qwen3-Next-80B-A3B-Instruct,Estimated from text
2026-01-09T01:35:33.139986,5600,B,3354,504,3858,Qwen3-Next-80B-A3B-Instruct,Estimated from text
2026-01-09T01:35:43.823714,5601,S,1849,2057,3906,Qwen3-Next-80B-A3B-Instruct,Estimated from text
2026-01-09T01:35:49.951823,5601,A,5938,1224,7162,Qwen3-Next-80B-A3B-Instruct,Estimated from text
2026-01-09T01:35:52.672926,5601,B,3848,423,4271,Qwen3-Next-80B-A3B-Instruct,Estimated from text
2026-01-09T01:36:02.348879,5602,S,1849,1792,3641,Qwen3-Next-80B-A3B-Instruct,Estimated from text
2026-01-09T01:36:06.164399,5602,A,5669,602,6271,Qwen3-Next-80B-A3B-Instruct,Estimated from text
2026-01-09T01:36:09.079729,5602,B,3226,400,3626,Qwen3-Next-80B-A3B-Instruct,Estimated from text
2026-01-09T01:36:19.678297,5604,S,1849,2026,3875,Qwen3-Next-80B-A3B-Instruct,Estimated from text
2026-01-09T01:36:23.397273,5604,A,5912,622,6534,Qwen3-Next-80B-A3B-Instruct,Estimated from text
2026-01-09T01:36:26.312157,5604,B,3253,522,3775,Qwen3-Next-80B-A3B-Instruct,Estimated from text
2026-01-09T01:36:37.102074,5605,S,1849,1954,3803,Qwen3-Next-80B-A3B-Instruct,Estimated from text
2026-01-09T01:36:41.728935,5605,A,5841,861,6702,Qwen3-Next-80B-A3B-Instruct,Estimated from text
2026-01-09T01:36:44.543819,5605,B,3492,516,4008,Qwen3-Next-80B-A3B-Instruct,Estimated from text
2026-01-09T01:36:57.334233,5606,S,1849,2541,4390,Qwen3-Next-80B-A3B-Instruct,Estimated from text
2026-01-09T01:37:01.050484,5606,A,6432,657,7089,Qwen3-Next-80B-A3B-Instruct,Estimated from text
2026-01-09T01:37:04.265347,5606,B,3288,557,3845,Qwen3-Next-80B-A3B-Instruct,Estimated from text
2026-01-09T01:37:13.948182,5607,S,1849,1925,3774,Qwen3-Next-80B-A3B-Instruct,Estimated from text
2026-01-09T01:37:18.474365,5607,A,5808,729,6537,Qwen3-Next-80B-A3B-Instruct,Estimated from text
2026-01-09T01:37:21.790002,5607,B,3360,556,3916,Qwen3-Next-80B-A3B-Instruct,Estimated from text
2026-01-09T01:37:31.477726,5608,S,1849,1932,3781,Qwen3-Next-80B-A3B-Instruct,Estimated from text
2026-01-09T01:37:36.404633,5608,A,5817,882,6699,Qwen3-Next-80B-A3B-Instruct,Estimated from text
2026-01-09T01:37:39.322864,5608,B,3513,450,3963,Qwen3-Next-80B-A3B-Instruct,Estimated from text
2026-01-09T01:37:49.094905,5609,S,1849,1858,3707,Qwen3-Next-80B-A3B-Instruct,Estimated from text
2026-01-09T01:37:53.116410,5609,A,5739,701,6440,Qwen3-Next-80B-A3B-Instruct,Estimated from text
2026-01-09T01:37:56.232573,5609,B,3331,522,3853,Qwen3-Next-80B-A3B-Instruct,Estimated from text
2026-01-09T01:38:05.597022,5610,S,1849,1854,3703,Qwen3-Next-80B-A3B-Instruct,Estimated from text
2026-01-09T01:38:09.418707,5610,A,5736,540,6276,Qwen3-Next-80B-A3B-Instruct,Estimated from text
2026-01-09T01:38:12.431996,5610,B,3170,519,3689,Qwen3-Next-80B-A3B-Instruct,Estimated from text
2026-01-09T01:38:20.299866,5611,S,1849,1497,3346,Qwen3-Next-80B-A3B-Instruct,Estimated from text
2026-01-09T01:38:24.722177,5611,A,5378,772,6150,Qwen3-Next-80B-A3B-Instruct,Estimated from text
2026-01-09T01:38:27.738115,5611,B,3402,497,3899,Qwen3-Next-80B-A3B-Instruct,Estimated from text
2026-01-09T01:38:36.199432,5612,S,1849,1636,3485,Qwen3-Next-80B-A3B-Instruct,Estimated from text
2026-01-09T01:38:41.021110,5612,A,5515,765,6280,Qwen3-Next-80B-A3B-Instruct,Estimated from text
2026-01-09T01:38:44.739975,5612,B,3395,592,3987,Qwen3-Next-80B-A3B-Instruct,Estimated from text
2026-01-09T01:38:54.923163,5613,S,1849,1941,3790,Qwen3-Next-80B-A3B-Instruct,Estimated from text
2026-01-09T01:38:59.645607,5613,A,5821,729,6550,Qwen3-Next-80B-A3B-Instruct,Estimated from text
2026-01-09T01:39:02.561418,5613,B,3359,421,3780,Qwen3-Next-80B-A3B-Instruct,Estimated from text
2026-01-09T01:39:12.751715,5614,S,1849,1875,3724,Qwen3-Next-80B-A3B-Instruct,Estimated from text
2026-01-09T01:39:17.572039,5614,A,5760,767,6527,Qwen3-Next-80B-A3B-Instruct,Estimated from text
2026-01-09T01:39:20.690146,5614,B,3397,496,3893,Qwen3-Next-80B-A3B-Instruct,Estimated from text
2026-01-09T01:39:31.554420,5615,S,1849,2296,4145,Qwen3-Next-80B-A3B-Instruct,Estimated from text
2026-01-09T01:39:35.773381,5615,A,6183,752,6935,Qwen3-Next-80B-A3B-Instruct,Estimated from text
2026-01-09T01:39:38.887995,5615,B,3382,450,3832,Qwen3-Next-80B-A3B-Instruct,Estimated from text
2026-01-09T01:39:48.765527,5616,S,1849,2032,3881,Qwen3-Next-80B-A3B-Instruct,Estimated from text
2026-01-09T01:39:53.086411,5616,A,5917,762,6679,Qwen3-Next-80B-A3B-Instruct,Estimated from text
2026-01-09T01:39:56.502716,5616,B,3392,582,3974,Qwen3-Next-80B-A3B-Instruct,Estimated from text
2026-01-09T01:40:06.091434,5618,S,1849,1892,3741,Qwen3-Next-80B-A3B-Instruct,Estimated from text
2026-01-09T01:40:10.613749,5618,A,5769,791,6560,Qwen3-Next-80B-A3B-Instruct,Estimated from text
2026-01-09T01:40:13.327125,5618,B,3419,492,3911,Qwen3-Next-80B-A3B-Instruct,Estimated from text
2026-01-09T01:40:25.213152,5619,S,1849,2271,4120,Qwen3-Next-80B-A3B-Instruct,Estimated from text
2026-01-09T01:40:29.235366,5619,A,6156,671,6827,Qwen3-Next-80B-A3B-Instruct,Estimated from text
2026-01-09T01:40:32.251010,5619,B,3299,495,3794,Qwen3-Next-80B-A3B-Instruct,Estimated from text
2026-01-09T01:40:42.032456,5620,S,1849,1908,3757,Qwen3-Next-80B-A3B-Instruct,Estimated from text
2026-01-09T01:40:46.751473,5620,A,5784,892,6676,Qwen3-Next-80B-A3B-Instruct,Estimated from text
2026-01-09T01:40:49.973587,5620,B,3516,561,4077,Qwen3-Next-80B-A3B-Instruct,Estimated from text
2026-01-09T01:41:00.376394,5621,S,1849,2179,4028,Qwen3-Next-80B-A3B-Instruct,Estimated from text
2026-01-09T01:41:04.393512,5621,A,6060,678,6738,Qwen3-Next-80B-A3B-Instruct,Estimated from text
2026-01-09T01:41:07.510764,5621,B,3302,505,3807,Qwen3-Next-80B-A3B-Instruct,Estimated from text
2026-01-09T01:41:16.615287,5623,S,1849,1792,3641,Qwen3-Next-80B-A3B-Instruct,Estimated from text
2026-01-09T01:41:20.230434,5623,A,5669,607,6276,Qwen3-Next-80B-A3B-Instruct,Estimated from text
2026-01-09T01:41:23.550647,5623,B,3235,489,3724,Qwen3-Next-80B-A3B-Instruct,Estimated from text
2026-01-09T01:41:35.028393,5624,S,1849,2249,4098,Qwen3-Next-80B-A3B-Instruct,Estimated from text
2026-01-09T01:41:39.849582,5624,A,6135,901,7036,Qwen3-Next-80B-A3B-Instruct,Estimated from text
2026-01-09T01:41:42.966000,5624,B,3525,512,4037,Qwen3-Next-80B-A3B-Instruct,Estimated from text
2026-01-09T01:41:52.537776,5625,S,1849,1815,3664,Qwen3-Next-80B-A3B-Instruct,Estimated from text
2026-01-09T01:41:57.062601,5625,A,5691,761,6452,Qwen3-Next-80B-A3B-Instruct,Estimated from text
2026-01-09T01:41:59.878629,5625,B,3385,402,3787,Qwen3-Next-80B-A3B-Instruct,Estimated from text
2026-01-09T01:42:08.946402,5626,S,1849,1699,3548,Qwen3-Next-80B-A3B-Instruct,Estimated from text
2026-01-09T01:42:13.166202,5626,A,5574,694,6268,Qwen3-Next-80B-A3B-Instruct,Estimated from text
2026-01-09T01:42:16.182354,5626,B,3318,445,3763,Qwen3-Next-80B-A3B-Instruct,Estimated from text
2026-01-09T01:42:25.872028,5627,S,1849,1643,3492,Qwen3-Next-80B-A3B-Instruct,Estimated from text
2026-01-09T01:42:32.300552,5627,A,5517,1041,6558,Qwen3-Next-80B-A3B-Instruct,Estimated from text
2026-01-09T01:42:35.114139,5627,B,3666,381,4047,Qwen3-Next-80B-A3B-Instruct,Estimated from text
2026-01-09T01:42:44.982836,5628,S,1849,1803,3652,Qwen3-Next-80B-A3B-Instruct,Estimated from text
2026-01-09T01:42:49.204091,5628,A,5678,642,6320,Qwen3-Next-80B-A3B-Instruct,Estimated from text
2026-01-09T01:42:52.218129,5628,B,3267,478,3745,Qwen3-Next-80B-A3B-Instruct,Estimated from text
2026-01-09T01:43:01.104071,5629,S,1849,1524,3373,Qwen3-Next-80B-A3B-Instruct,Estimated from text
2026-01-09T01:43:05.625850,5629,A,5397,847,6244,Qwen3-Next-80B-A3B-Instruct,Estimated from text
2026-01-09T01:43:08.741516,5629,B,3471,564,4035,Qwen3-Next-80B-A3B-Instruct,Estimated from text
2026-01-09T01:43:17.817273,5630,S,1849,1848,3697,Qwen3-Next-80B-A3B-Instruct,Estimated from text
2026-01-09T01:43:21.942144,5630,A,5724,658,6382,Qwen3-Next-80B-A3B-Instruct,Estimated from text
2026-01-09T01:43:25.358956,5630,B,3282,522,3804,Qwen3-Next-80B-A3B-Instruct,Estimated from text
2026-01-09T01:43:34.821432,5631,S,1849,1718,3567,Qwen3-Next-80B-A3B-Instruct,Estimated from text
2026-01-09T01:43:39.441162,5631,A,5595,753,6348,Qwen3-Next-80B-A3B-Instruct,Estimated from text
2026-01-09T01:43:42.457028,5631,B,3378,436,3814,Qwen3-Next-80B-A3B-Instruct,Estimated from text
2026-01-09T01:43:51.658325,5633,S,1849,1818,3667,Qwen3-Next-80B-A3B-Instruct,Estimated from text
2026-01-09T01:43:55.881388,5633,A,5698,723,6421,Qwen3-Next-80B-A3B-Instruct,Estimated from text
2026-01-09T01:43:58.597332,5633,B,3351,449,3800,Qwen3-Next-80B-A3B-Instruct,Estimated from text
2026-01-09T01:44:08.066514,5634,S,1849,1710,3559,Qwen3-Next-80B-A3B-Instruct,Estimated from text
2026-01-09T01:44:12.389939,5634,A,5589,775,6364,Qwen3-Next-80B-A3B-Instruct,Estimated from text
2026-01-09T01:44:15.505113,5634,B,3403,459,3862,Qwen3-Next-80B-A3B-Instruct,Estimated from text
2026-01-09T01:44:24.582060,5635,S,1849,1494,3343,Qwen3-Next-80B-A3B-Instruct,Estimated from text
2026-01-09T01:44:28.801558,5635,A,5367,729,6096,Qwen3-Next-80B-A3B-Instruct,Estimated from text
2026-01-09T01:44:31.817169,5635,B,3353,515,3868,Qwen3-Next-80B-A3B-Instruct,Estimated from text
2026-01-09T01:44:42.327519,5637,S,1849,2040,3889,Qwen3-Next-80B-A3B-Instruct,Estimated from text
2026-01-09T01:44:46.547631,5637,A,5920,762,6682,Qwen3-Next-80B-A3B-Instruct,Estimated from text
2026-01-09T01:44:49.460541,5637,B,3388,573,3961,Qwen3-Next-80B-A3B-Instruct,Estimated from text
2026-01-09T01:45:02.266103,5638,S,1849,2529,4378,Qwen3-Next-80B-A3B-Instruct,Estimated from text
2026-01-09T01:45:07.295875,5638,A,6417,1067,7484,Qwen3-Next-80B-A3B-Instruct,Estimated from text
2026-01-09T01:45:10.514150,5638,B,3693,544,4237,Qwen3-Next-80B-A3B-Instruct,Estimated from text
2026-01-09T01:45:20.279027,5639,S,1849,1922,3771,Qwen3-Next-80B-A3B-Instruct,Estimated from text
2026-01-09T01:45:24.601268,5639,A,5790,691,6481,Qwen3-Next-80B-A3B-Instruct,Estimated from text
2026-01-09T01:45:28.220117,5639,B,3309,363,3672,Qwen3-Next-80B-A3B-Instruct,Estimated from text
2026-01-09T01:45:37.818649,5641,S,1849,1926,3775,Qwen3-Next-80B-A3B-Instruct,Estimated from text
2026-01-09T01:45:42.543878,5641,A,5807,965,6772,Qwen3-Next-80B-A3B-Instruct,Estimated from text
2026-01-09T01:45:45.458023,5641,B,3591,596,4187,Qwen3-Next-80B-A3B-Instruct,Estimated from text
2026-01-09T01:45:56.127224,5642,S,1849,2091,3940,Qwen3-Next-80B-A3B-Instruct,Estimated from text
2026-01-09T01:45:59.450192,5642,A,5973,594,6567,Qwen3-Next-80B-A3B-Instruct,Estimated from text
2026-01-09T01:46:02.366993,5642,B,3220,540,3760,Qwen3-Next-80B-A3B-Instruct,Estimated from text
2026-01-09T01:46:11.541621,5643,S,1849,1770,3619,Qwen3-Next-80B-A3B-Instruct,Estimated from text
2026-01-09T01:46:15.760156,5643,A,5646,730,6376,Qwen3-Next-80B-A3B-Instruct,Estimated from text
2026-01-09T01:46:19.078419,5643,B,3357,506,3863,Qwen3-Next-80B-A3B-Instruct,Estimated from text
2026-01-09T01:46:29.273980,5644,S,1849,2022,3871,Qwen3-Next-80B-A3B-Instruct,Estimated from text
2026-01-09T01:46:33.793988,5644,A,5892,768,6660,Qwen3-Next-80B-A3B-Instruct,Estimated from text
2026-01-09T01:46:36.814091,5644,B,3387,487,3874,Qwen3-Next-80B-A3B-Instruct,Estimated from text
2026-01-09T01:46:49.128968,5646,S,1849,2346,4195,Qwen3-Next-80B-A3B-Instruct,Estimated from text
2026-01-09T01:46:53.053806,5646,A,6229,771,7000,Qwen3-Next-80B-A3B-Instruct,Estimated from text
2026-01-09T01:46:55.566959,5646,B,3398,438,3836,Qwen3-Next-80B-A3B-Instruct,Estimated from text
2026-01-09T01:47:07.945509,5647,S,1849,2361,4210,Qwen3-Next-80B-A3B-Instruct,Estimated from text
2026-01-09T01:47:13.171045,5647,A,6243,849,7092,Qwen3-Next-80B-A3B-Instruct,Estimated from text
2026-01-09T01:48:01.197183,5648,S,1849,2044,3893,Qwen3-Next-80B-A3B-Instruct,Estimated from text
2026-01-09T01:48:04.614816,5648,A,5926,606,6532,Qwen3-Next-80B-A3B-Instruct,Estimated from text
2026-01-09T01:48:07.429726,5648,B,3232,394,3626,Qwen3-Next-80B-A3B-Instruct,Estimated from text
2026-01-09T01:48:18.716323,5649,S,1849,2067,3916,Qwen3-Next-80B-A3B-Instruct,Estimated from text
2026-01-09T01:48:23.436486,5649,A,5945,879,6824,Qwen3-Next-80B-A3B-Instruct,Estimated from text
2026-01-09T01:48:26.653926,5649,B,3502,490,3992,Qwen3-Next-80B-A3B-Instruct,Estimated from text
2026-01-09T01:48:38.350587,5650,S,1849,2317,4166,Qwen3-Next-80B-A3B-Instruct,Estimated from text
2026-01-09T01:48:43.375060,5650,A,6197,863,7060,Qwen3-Next-80B-A3B-Instruct,Estimated from text
2026-01-09T01:48:46.292527,5650,B,3486,454,3940,Qwen3-Next-80B-A3B-Instruct,Estimated from text
2026-01-09T01:48:57.711864,5652,S,1849,2301,4150,Qwen3-Next-80B-A3B-Instruct,Estimated from text
2026-01-09T01:49:01.528794,5652,A,6180,680,6860,Qwen3-Next-80B-A3B-Instruct,Estimated from text
2026-01-09T01:49:05.143603,5652,B,3306,625,3931,Qwen3-Next-80B-A3B-Instruct,Estimated from text
2026-01-09T01:49:14.822816,5653,S,1849,1997,3846,Qwen3-Next-80B-A3B-Instruct,Estimated from text
2026-01-09T01:49:19.049564,5653,A,5872,744,6616,Qwen3-Next-80B-A3B-Instruct,Estimated from text
2026-01-09T01:49:22.069514,5653,B,3369,452,3821,Qwen3-Next-80B-A3B-Instruct,Estimated from text
2026-01-09T01:49:32.163141,5655,S,1849,1950,3799,Qwen3-Next-80B-A3B-Instruct,Estimated from text
2026-01-09T01:49:36.282663,5655,A,5836,711,6547,Qwen3-Next-80B-A3B-Instruct,Estimated from text
2026-01-09T01:49:39.498412,5655,B,3344,543,3887,Qwen3-Next-80B-A3B-Instruct,Estimated from text
2026-01-09T01:49:49.508759,5656,S,1849,1790,3639,Qwen3-Next-80B-A3B-Instruct,Estimated from text
2026-01-09T01:49:54.732910,5656,A,5671,866,6537,Qwen3-Next-80B-A3B-Instruct,Estimated from text
2026-01-09T01:49:57.950241,5656,B,3496,516,4012,Qwen3-Next-80B-A3B-Instruct,Estimated from text
2026-01-09T01:50:07.435984,5657,S,1849,1699,3548,Qwen3-Next-80B-A3B-Instruct,Estimated from text
2026-01-09T01:50:11.559779,5657,A,5580,624,6204,Qwen3-Next-80B-A3B-Instruct,Estimated from text
2026-01-09T01:50:14.574279,5657,B,3255,502,3757,Qwen3-Next-80B-A3B-Instruct,Estimated from text
2026-01-09T01:50:26.371091,5658,S,1849,2158,4007,Qwen3-Next-80B-A3B-Instruct,Estimated from text
2026-01-09T01:50:31.599980,5658,A,6042,940,6982,Qwen3-Next-80B-A3B-Instruct,Estimated from text
2026-01-09T01:50:36.221599,5658,B,3570,613,4183,Qwen3-Next-80B-A3B-Instruct,Estimated from text
2026-01-09T01:50:46.890388,5659,S,1849,2000,3849,Qwen3-Next-80B-A3B-Instruct,Estimated from text
2026-01-09T01:50:51.615302,5659,A,5882,755,6637,Qwen3-Next-80B-A3B-Instruct,Estimated from text
2026-01-09T01:50:55.234280,5659,B,3385,605,3990,Qwen3-Next-80B-A3B-Instruct,Estimated from text
2026-01-09T01:51:07.322333,5660,S,1849,2337,4186,Qwen3-Next-80B-A3B-Instruct,Estimated from text
2026-01-09T01:51:11.239436,5660,A,6224,631,6855,Qwen3-Next-80B-A3B-Instruct,Estimated from text
2026-01-09T01:51:14.553566,5660,B,3261,606,3867,Qwen3-Next-80B-A3B-Instruct,Estimated from text
2026-01-09T01:51:28.163461,5661,S,1849,2524,4373,Qwen3-Next-80B-A3B-Instruct,Estimated from text
2026-01-09T01:51:33.588501,5661,A,6416,1001,7417,Qwen3-Next-80B-A3B-Instruct,Estimated from text
2026-01-09T01:51:36.805964,5661,B,3631,515,4146,Qwen3-Next-80B-A3B-Instruct,Estimated from text
2026-01-09T01:51:48.790271,5662,S,1849,1971,3820,Qwen3-Next-80B-A3B-Instruct,Estimated from text
2026-01-09T01:51:53.410328,5662,A,5856,786,6642,Qwen3-Next-80B-A3B-Instruct,Estimated from text
2026-01-09T01:51:56.527501,5662,B,3416,451,3867,Qwen3-Next-80B-A3B-Instruct,Estimated from text
2026-01-09T01:52:06.808338,5663,S,1849,1876,3725,Qwen3-Next-80B-A3B-Instruct,Estimated from text
2026-01-09T01:52:12.431028,5663,A,5760,1026,6786,Qwen3-Next-80B-A3B-Instruct,Estimated from text
2026-01-09T01:52:15.747568,5663,B,3656,620,4276,Qwen3-Next-80B-A3B-Instruct,Estimated from text
2026-01-09T01:52:24.313127,5664,S,1849,1583,3432,Qwen3-Next-80B-A3B-Instruct,Estimated from text
2026-01-09T01:52:29.736045,5664,A,5461,1045,6506,Qwen3-Next-80B-A3B-Instruct,Estimated from text
2026-01-09T01:52:32.951738,5664,B,3675,465,4140,Qwen3-Next-80B-A3B-Instruct,Estimated from text
2026-01-09T01:52:46.045669,5665,S,1849,2487,4336,Qwen3-Next-80B-A3B-Instruct,Estimated from text
2026-01-09T01:52:49.864657,5665,A,6377,636,7013,Qwen3-Next-80B-A3B-Instruct,Estimated from text
2026-01-09T01:52:52.477309,5665,B,3267,461,3728,Qwen3-Next-80B-A3B-Instruct,Estimated from text
2026-01-09T01:53:03.188600,5667,S,1849,1994,3843,Qwen3-Next-80B-A3B-Instruct,Estimated from text
2026-01-09T01:53:08.613560,5667,A,5880,872,6752,Qwen3-Next-80B-A3B-Instruct,Estimated from text
2026-01-09T01:53:11.628903,5667,B,3504,501,4005,Qwen3-Next-80B-A3B-Instruct,Estimated from text
2026-01-09T01:53:25.417275,5668,S,1849,2469,4318,Qwen3-Next-80B-A3B-Instruct,Estimated from text
2026-01-09T01:53:29.038841,5668,A,6354,589,6943,Qwen3-Next-80B-A3B-Instruct,Estimated from text
2026-01-09T01:53:31.752471,5668,B,3222,419,3641,Qwen3-Next-80B-A3B-Instruct,Estimated from text
2026-01-09T01:53:41.133502,5669,S,1849,1697,3546,Qwen3-Next-80B-A3B-Instruct,Estimated from text
2026-01-09T01:53:44.147709,5669,A,5580,515,6095,Qwen3-Next-80B-A3B-Instruct,Estimated from text
2026-01-09T01:53:47.163664,5669,B,3147,525,3672,Qwen3-Next-80B-A3B-Instruct,Estimated from text
2026-01-09T01:53:57.251552,5670,S,1849,1899,3748,Qwen3-Next-80B-A3B-Instruct,Estimated from text
2026-01-09T01:54:02.373907,5670,A,5776,913,6689,Qwen3-Next-80B-A3B-Instruct,Estimated from text
2026-01-09T01:54:05.790352,5670,B,3537,588,4125,Qwen3-Next-80B-A3B-Instruct,Estimated from text
2026-01-09T01:54:14.766724,5671,S,1849,1604,3453,Qwen3-Next-80B-A3B-Instruct,Estimated from text
2026-01-09T01:54:18.786560,5671,A,5476,751,6227,Qwen3-Next-80B-A3B-Instruct,Estimated from text
2026-01-09T01:54:21.701743,5671,B,3375,492,3867,Qwen3-Next-80B-A3B-Instruct,Estimated from text
2026-01-09T01:54:31.600028,5673,S,1849,1605,3454,Qwen3-Next-80B-A3B-Instruct,Estimated from text
2026-01-09T01:54:36.022109,5673,A,5481,798,6279,Qwen3-Next-80B-A3B-Instruct,Estimated from text
2026-01-09T01:54:39.638781,5673,B,3424,565,3989,Qwen3-Next-80B-A3B-Instruct,Estimated from text
2026-01-09T01:54:50.994263,5674,S,1849,2070,3919,Qwen3-Next-80B-A3B-Instruct,Estimated from text
2026-01-09T01:54:55.013450,5674,A,5948,779,6727,Qwen3-Next-80B-A3B-Instruct,Estimated from text
2026-01-09T01:54:58.128522,5674,B,3400,542,3942,Qwen3-Next-80B-A3B-Instruct,Estimated from text
2026-01-09T01:55:07.136679,5676,S,1849,1613,3462,Qwen3-Next-80B-A3B-Instruct,Estimated from text
2026-01-09T01:55:11.153781,5676,A,5484,690,6174,Qwen3-Next-80B-A3B-Instruct,Estimated from text
2026-01-09T01:55:13.771681,5676,B,3311,510,3821,Qwen3-Next-80B-A3B-Instruct,Estimated from text
2026-01-09T01:55:24.635940,5677,S,1849,1796,3645,Qwen3-Next-80B-A3B-Instruct,Estimated from text
2026-01-09T01:55:28.860062,5677,A,5669,780,6449,Qwen3-Next-80B-A3B-Instruct,Estimated from text
2026-01-09T01:56:11.803303,5678,S,1849,1821,3670,Qwen3-Next-80B-A3B-Instruct,Estimated from text
2026-01-09T01:56:17.337063,5678,A,5694,1101,6795,Qwen3-Next-80B-A3B-Instruct,Estimated from text
2026-01-09T01:56:20.152049,5678,B,3722,525,4247,Qwen3-Next-80B-A3B-Instruct,Estimated from text
2026-01-09T01:56:31.724808,5679,S,1849,2085,3934,Qwen3-Next-80B-A3B-Instruct,Estimated from text
2026-01-09T01:56:35.742425,5679,A,5960,730,6690,Qwen3-Next-80B-A3B-Instruct,Estimated from text
2026-01-09T01:56:38.857790,5679,B,3351,487,3838,Qwen3-Next-80B-A3B-Instruct,Estimated from text
2026-01-09T01:56:50.348266,5680,S,1849,2034,3883,Qwen3-Next-80B-A3B-Instruct,Estimated from text
2026-01-09T01:56:54.265829,5680,A,5912,618,6530,Qwen3-Next-80B-A3B-Instruct,Estimated from text
2026-01-09T01:56:57.060902,5680,B,3238,450,3688,Qwen3-Next-80B-A3B-Instruct,Estimated from text
2026-01-09T01:57:08.548344,5682,S,1849,2178,4027,Qwen3-Next-80B-A3B-Instruct,Estimated from text
2026-01-09T01:57:12.772740,5682,A,6053,714,6767,Qwen3-Next-80B-A3B-Instruct,Estimated from text
2026-01-09T01:57:15.790843,5682,B,3334,571,3905,Qwen3-Next-80B-A3B-Instruct,Estimated from text
2026-01-09T01:57:24.665394,5683,S,1849,1540,3389,Qwen3-Next-80B-A3B-Instruct,Estimated from text
2026-01-09T01:57:29.893593,5683,A,5410,990,6400,Qwen3-Next-80B-A3B-Instruct,Estimated from text
2026-01-09T01:57:35.022977,5683,B,3611,873,4484,Qwen3-Next-80B-A3B-Instruct,Estimated from text
2026-01-09T01:57:41.574823,5684,S,1849,1200,3049,Qwen3-Next-80B-A3B-Instruct,Estimated from text
2026-01-09T01:57:45.994638,5684,A,5064,746,5810,Qwen3-Next-80B-A3B-Instruct,Estimated from text
2026-01-09T01:57:49.612384,5684,B,3366,612,3978,Qwen3-Next-80B-A3B-Instruct,Estimated from text
2026-01-09T01:57:57.950581,5687,S,1849,1680,3529,Qwen3-Next-80B-A3B-Instruct,Estimated from text
2026-01-09T01:58:01.869700,5687,A,5551,774,6325,Qwen3-Next-80B-A3B-Instruct,Estimated from text
2026-01-09T01:58:04.984291,5687,B,3394,648,4042,Qwen3-Next-80B-A3B-Instruct,Estimated from text
2026-01-09T01:58:14.150317,5688,S,1849,1708,3557,Qwen3-Next-80B-A3B-Instruct,Estimated from text
2026-01-09T01:58:17.568081,5688,A,5580,585,6165,Qwen3-Next-80B-A3B-Instruct,Estimated from text
2026-01-09T01:58:20.189906,5688,B,3205,396,3601,Qwen3-Next-80B-A3B-Instruct,Estimated from text
2026-01-09T01:58:30.084495,5689,S,1849,1924,3773,Qwen3-Next-80B-A3B-Instruct,Estimated from text
2026-01-09T01:58:35.508426,5689,A,5792,960,6752,Qwen3-Next-80B-A3B-Instruct,Estimated from text
2026-01-09T01:58:38.623713,5689,B,3575,493,4068,Qwen3-Next-80B-A3B-Instruct,Estimated from text
2026-01-09T01:58:48.894812,5690,S,1849,1863,3712,Qwen3-Next-80B-A3B-Instruct,Estimated from text
2026-01-09T01:58:53.115356,5690,A,5731,600,6331,Qwen3-Next-80B-A3B-Instruct,Estimated from text
2026-01-09T01:58:56.533929,5690,B,3216,542,3758,Qwen3-Next-80B-A3B-Instruct,Estimated from text
2026-01-09T01:59:09.230105,5691,S,1849,2285,4134,Qwen3-Next-80B-A3B-Instruct,Estimated from text
2026-01-09T01:59:13.451983,5691,A,6156,614,6770,Qwen3-Next-80B-A3B-Instruct,Estimated from text
2026-01-09T01:59:17.070488,5691,B,3229,518,3747,Qwen3-Next-80B-A3B-Instruct,Estimated from text
2026-01-09T01:59:27.672871,5693,S,1849,1953,3802,Qwen3-Next-80B-A3B-Instruct,Estimated from text
2026-01-09T01:59:31.091987,5693,A,5823,627,6450,Qwen3-Next-80B-A3B-Instruct,Estimated from text
2026-01-09T01:59:33.804515,5693,B,3248,558,3806,Qwen3-Next-80B-A3B-Instruct,Estimated from text
2026-01-09T01:59:45.807620,5694,S,1849,2234,4083,Qwen3-Next-80B-A3B-Instruct,Estimated from text
2026-01-09T01:59:49.222618,5694,A,6108,636,6744,Qwen3-Next-80B-A3B-Instruct,Estimated from text
2026-01-09T01:59:51.837137,5694,B,3256,498,3754,Qwen3-Next-80B-A3B-Instruct,Estimated from text
2026-01-09T02:00:01.100904,5695,S,1849,1661,3510,Qwen3-Next-80B-A3B-Instruct,Estimated from text
2026-01-09T02:00:04.824685,5695,A,5532,689,6221,Qwen3-Next-80B-A3B-Instruct,Estimated from text
2026-01-09T02:00:07.337219,5695,B,3309,374,3683,Qwen3-Next-80B-A3B-Instruct,Estimated from text
2026-01-09T02:00:20.941412,5696,S,1849,2539,4388,Qwen3-Next-80B-A3B-Instruct,Estimated from text
2026-01-09T02:00:26.364274,5696,A,6420,939,7359,Qwen3-Next-80B-A3B-Instruct,Estimated from text
2026-01-09T02:00:29.480167,5696,B,3560,639,4199,Qwen3-Next-80B-A3B-Instruct,Estimated from text
2026-01-09T02:00:40.166568,5697,S,1849,2045,3894,Qwen3-Next-80B-A3B-Instruct,Estimated from text
2026-01-09T02:00:43.883694,5697,A,5917,645,6562,Qwen3-Next-80B-A3B-Instruct,Estimated from text
2026-01-09T02:00:46.798971,5697,B,3265,433,3698,Qwen3-Next-80B-A3B-Instruct,Estimated from text
2026-01-09T02:00:56.492302,5698,S,1849,1626,3475,Qwen3-Next-80B-A3B-Instruct,Estimated from text
2026-01-09T02:01:01.018718,5698,A,5495,738,6233,Qwen3-Next-80B-A3B-Instruct,Estimated from text
2026-01-09T02:01:04.140222,5698,B,3356,573,3929,Qwen3-Next-80B-A3B-Instruct,Estimated from text
2026-01-09T02:01:14.132019,5700,S,1849,1587,3436,Qwen3-Next-80B-A3B-Instruct,Estimated from text
2026-01-09T02:01:17.856540,5700,A,5457,655,6112,Qwen3-Next-80B-A3B-Instruct,Estimated from text
2026-01-09T02:01:21.072705,5700,B,3276,584,3860,Qwen3-Next-80B-A3B-Instruct,Estimated from text
2026-01-09T02:01:30.750604,5701,S,1849,1707,3556,Qwen3-Next-80B-A3B-Instruct,Estimated from text
2026-01-09T02:01:34.672530,5701,A,5577,832,6409,Qwen3-Next-80B-A3B-Instruct,Estimated from text
2026-01-09T02:01:37.992853,5701,B,3453,641,4094,Qwen3-Next-80B-A3B-Instruct,Estimated from text
2026-01-09T02:01:49.570857,5702,S,1849,2140,3989,Qwen3-Next-80B-A3B-Instruct,Estimated from text
2026-01-09T02:01:53.493428,5702,A,6016,679,6695,Qwen3-Next-80B-A3B-Instruct,Estimated from text
2026-01-09T02:01:56.613651,5702,B,3300,521,3821,Qwen3-Next-80B-A3B-Instruct,Estimated from text
2026-01-09T02:02:07.607793,5703,S,1849,2015,3864,Qwen3-Next-80B-A3B-Instruct,Estimated from text
2026-01-09T02:02:12.435324,5703,A,5885,759,6644,Qwen3-Next-80B-A3B-Instruct,Estimated from text
2026-01-09T02:02:15.151803,5703,B,3374,432,3806,Qwen3-Next-80B-A3B-Instruct,Estimated from text
2026-01-09T02:02:25.121182,5704,S,1849,1911,3760,Qwen3-Next-80B-A3B-Instruct,Estimated from text
2026-01-09T02:02:29.550879,5704,A,5781,795,6576,Qwen3-Next-80B-A3B-Instruct,Estimated from text
2026-01-09T02:02:32.668931,5704,B,3411,549,3960,Qwen3-Next-80B-A3B-Instruct,Estimated from text
2026-01-09T02:02:43.251440,5705,S,1849,2010,3859,Qwen3-Next-80B-A3B-Instruct,Estimated from text
2026-01-09T02:02:48.075948,5705,A,5877,849,6726,Qwen3-Next-80B-A3B-Instruct,Estimated from text
2026-01-09T02:02:52.994341,5705,B,3464,820,4284,Qwen3-Next-80B-A3B-Instruct,Estimated from text
2026-01-09T02:03:03.372345,5706,S,1849,1929,3778,Qwen3-Next-80B-A3B-Instruct,Estimated from text
2026-01-09T02:03:08.896485,5706,A,5796,1056,6852,Qwen3-Next-80B-A3B-Instruct,Estimated from text
2026-01-09T02:03:12.114002,5706,B,3671,592,4263,Qwen3-Next-80B-A3B-Instruct,Estimated from text
2026-01-09T02:03:22.325634,5707,S,1849,1794,3643,Qwen3-Next-80B-A3B-Instruct,Estimated from text
2026-01-09T02:03:26.746020,5707,A,5659,634,6293,Qwen3-Next-80B-A3B-Instruct,Estimated from text
2026-01-09T02:03:29.964290,5707,B,3249,447,3696,Qwen3-Next-80B-A3B-Instruct,Estimated from text
2026-01-09T02:03:40.162137,5708,S,1849,1751,3600,Qwen3-Next-80B-A3B-Instruct,Estimated from text
2026-01-09T02:03:45.188163,5708,A,5617,828,6445,Qwen3-Next-80B-A3B-Instruct,Estimated from text
2026-01-09T02:03:48.104957,5708,B,3444,485,3929,Qwen3-Next-80B-A3B-Instruct,Estimated from text
2026-01-09T02:03:56.691852,5709,S,1849,1450,3299,Qwen3-Next-80B-A3B-Instruct,Estimated from text
2026-01-09T02:04:00.615081,5709,A,5316,642,5958,Qwen3-Next-80B-A3B-Instruct,Estimated from text
2026-01-09T02:04:03.227614,5709,B,3258,427,3685,Qwen3-Next-80B-A3B-Instruct,Estimated from text
2026-01-09T02:04:13.110180,5710,S,1849,1891,3740,Qwen3-Next-80B-A3B-Instruct,Estimated from text
2026-01-09T02:04:17.431040,5710,A,5757,692,6449,Qwen3-Next-80B-A3B-Instruct,Estimated from text
2026-01-09T02:04:20.650458,5710,B,3307,474,3781,Qwen3-Next-80B-A3B-Instruct,Estimated from text
2026-01-09T02:04:30.842077,5711,S,1849,1884,3733,Qwen3-Next-80B-A3B-Instruct,Estimated from text
2026-01-09T02:04:35.464846,5711,A,5753,798,6551,Qwen3-Next-80B-A3B-Instruct,Estimated from text
2026-01-09T02:04:38.379084,5711,B,3413,423,3836,Qwen3-Next-80B-A3B-Instruct,Estimated from text
2026-01-09T02:04:47.171558,5713,S,1849,1655,3504,Qwen3-Next-80B-A3B-Instruct,Estimated from text
2026-01-09T02:04:50.288659,5713,A,5525,559,6084,Qwen3-Next-80B-A3B-Instruct,Estimated from text
2026-01-09T02:04:53.007286,5713,B,3180,483,3663,Qwen3-Next-80B-A3B-Instruct,Estimated from text
2026-01-09T02:05:03.793249,5714,S,1849,1923,3772,Qwen3-Next-80B-A3B-Instruct,Estimated from text
2026-01-09T02:05:08.212705,5714,A,5793,687,6480,Qwen3-Next-80B-A3B-Instruct,Estimated from text
2026-01-09T02:05:11.129898,5714,B,3302,500,3802,Qwen3-Next-80B-A3B-Instruct,Estimated from text
2026-01-09T02:05:21.406420,5715,S,1849,1929,3778,Qwen3-Next-80B-A3B-Instruct,Estimated from text
2026-01-09T02:05:25.427956,5715,A,5796,680,6476,Qwen3-Next-80B-A3B-Instruct,Estimated from text
2026-01-09T02:05:28.145402,5715,B,3295,447,3742,Qwen3-Next-80B-A3B-Instruct,Estimated from text
2026-01-09T02:05:38.653933,5716,S,1849,1839,3688,Qwen3-Next-80B-A3B-Instruct,Estimated from text
2026-01-09T02:05:42.772505,5716,A,5707,687,6394,Qwen3-Next-80B-A3B-Instruct,Estimated from text
2026-01-09T02:05:45.793209,5716,B,3303,509,3812,Qwen3-Next-80B-A3B-Instruct,Estimated from text
2026-01-09T02:05:54.995428,5717,S,1849,1746,3595,Qwen3-Next-80B-A3B-Instruct,Estimated from text
2026-01-09T02:05:59.219574,5717,A,5613,708,6321,Qwen3-Next-80B-A3B-Instruct,Estimated from text
2026-01-09T02:06:02.334015,5717,B,3324,484,3808,Qwen3-Next-80B-A3B-Instruct,Estimated from text
2026-01-09T02:06:14.613567,5718,S,1849,2166,4015,Qwen3-Next-80B-A3B-Instruct,Estimated from text
2026-01-09T02:06:19.036347,5718,A,6037,645,6682,Qwen3-Next-80B-A3B-Instruct,Estimated from text
2026-01-09T02:06:21.849675,5718,B,3260,463,3723,Qwen3-Next-80B-A3B-Instruct,Estimated from text
2026-01-09T02:06:32.235579,5719,S,1849,2082,3931,Qwen3-Next-80B-A3B-Instruct,Estimated from text
2026-01-09T02:06:36.757583,5719,A,5955,736,6691,Qwen3-Next-80B-A3B-Instruct,Estimated from text
2026-01-09T02:06:39.674790,5719,B,3351,484,3835,Qwen3-Next-80B-A3B-Instruct,Estimated from text
2026-01-09T02:06:49.749051,5720,S,1849,1900,3749,Qwen3-Next-80B-A3B-Instruct,Estimated from text
2026-01-09T02:06:54.871896,5720,A,5769,866,6635,Qwen3-Next-80B-A3B-Instruct,Estimated from text
2026-01-09T02:06:57.791436,5720,B,3481,483,3964,Qwen3-Next-80B-A3B-Instruct,Estimated from text
2026-01-09T02:07:07.765116,5721,S,1849,1880,3729,Qwen3-Next-80B-A3B-Instruct,Estimated from text
2026-01-09T02:07:12.686740,5721,A,5748,840,6588,Qwen3-Next-80B-A3B-Instruct,Estimated from text
2026-01-09T02:07:16.110647,5721,B,3456,510,3966,Qwen3-Next-80B-A3B-Instruct,Estimated from text
2026-01-09T02:07:24.497305,5722,S,1849,1638,3487,Qwen3-Next-80B-A3B-Instruct,Estimated from text
2026-01-09T02:07:29.520395,5722,A,5502,822,6324,Qwen3-Next-80B-A3B-Instruct,Estimated from text
2026-01-09T02:07:32.439168,5722,B,3437,495,3932,Qwen3-Next-80B-A3B-Instruct,Estimated from text
2026-01-09T02:07:41.929445,5723,S,1849,1937,3786,Qwen3-Next-80B-A3B-Instruct,Estimated from text
2026-01-09T02:07:46.353501,5723,A,5804,785,6589,Qwen3-Next-80B-A3B-Instruct,Estimated from text
2026-01-09T02:07:49.273475,5723,B,3400,429,3829,Qwen3-Next-80B-A3B-Instruct,Estimated from text
2026-01-09T02:08:00.460749,5724,S,1849,2152,4001,Qwen3-Next-80B-A3B-Instruct,Estimated from text
2026-01-09T02:08:04.280192,5724,A,6022,675,6697,Qwen3-Next-80B-A3B-Instruct,Estimated from text
2026-01-09T02:08:06.997142,5724,B,3291,465,3756,Qwen3-Next-80B-A3B-Instruct,Estimated from text
2026-01-09T02:08:17.006483,5726,S,1849,1962,3811,Qwen3-Next-80B-A3B-Instruct,Estimated from text
2026-01-09T02:08:21.027100,5726,A,5825,734,6559,Qwen3-Next-80B-A3B-Instruct,Estimated from text
2026-01-09T02:08:24.944683,5726,B,3348,625,3973,Qwen3-Next-80B-A3B-Instruct,Estimated from text
2026-01-09T02:08:34.344774,5727,S,1849,1739,3588,Qwen3-Next-80B-A3B-Instruct,Estimated from text
2026-01-09T02:08:39.168235,5727,A,5603,896,6499,Qwen3-Next-80B-A3B-Instruct,Estimated from text
2026-01-09T02:08:42.685567,5727,B,3510,546,4056,Qwen3-Next-80B-A3B-Instruct,Estimated from text
2026-01-09T02:08:51.453352,5728,S,1849,1650,3499,Qwen3-Next-80B-A3B-Instruct,Estimated from text
2026-01-09T02:08:56.079668,5728,A,5515,691,6206,Qwen3-Next-80B-A3B-Instruct,Estimated from text
2026-01-09T02:08:59.193960,5728,B,3305,475,3780,Qwen3-Next-80B-A3B-Instruct,Estimated from text
2026-01-09T02:09:08.166045,5729,S,1849,1805,3654,Qwen3-Next-80B-A3B-Instruct,Estimated from text
2026-01-09T02:09:11.884320,5729,A,5671,675,6346,Qwen3-Next-80B-A3B-Instruct,Estimated from text
2026-01-09T02:09:14.497153,5729,B,3288,426,3714,Qwen3-Next-80B-A3B-Instruct,Estimated from text
2026-01-09T02:09:27.480846,5730,S,1849,2646,4495,Qwen3-Next-80B-A3B-Instruct,Estimated from text
2026-01-09T02:09:31.300971,5730,A,6522,564,7086,Qwen3-Next-80B-A3B-Instruct,Estimated from text
2026-01-09T02:09:34.429833,5730,B,3177,444,3621,Qwen3-Next-80B-A3B-Instruct,Estimated from text
2026-01-09T02:09:45.125690,5732,S,1849,1917,3766,Qwen3-Next-80B-A3B-Instruct,Estimated from text
2026-01-09T02:09:48.944353,5732,A,5787,772,6559,Qwen3-Next-80B-A3B-Instruct,Estimated from text
2026-01-09T02:09:52.259669,5732,B,3387,530,3917,Qwen3-Next-80B-A3B-Instruct,Estimated from text
2026-01-09T02:10:04.037638,5733,S,1849,2100,3949,Qwen3-Next-80B-A3B-Instruct,Estimated from text
2026-01-09T02:10:07.755318,5733,A,5967,627,6594,Qwen3-Next-80B-A3B-Instruct,Estimated from text
2026-01-09T02:10:10.668257,5733,B,3241,510,3751,Qwen3-Next-80B-A3B-Instruct,Estimated from text
2026-01-09T02:10:21.478627,5735,S,1849,1979,3828,Qwen3-Next-80B-A3B-Instruct,Estimated from text
2026-01-09T02:10:26.406345,5735,A,5845,812,6657,Qwen3-Next-80B-A3B-Instruct,Estimated from text
2026-01-09T02:10:29.320778,5735,B,3426,544,3970,Qwen3-Next-80B-A3B-Instruct,Estimated from text
2026-01-09T02:10:39.192878,5736,S,1849,1882,3731,Qwen3-Next-80B-A3B-Instruct,Estimated from text
2026-01-09T02:10:44.224696,5736,A,5748,896,6644,Qwen3-Next-80B-A3B-Instruct,Estimated from text
2026-01-09T02:10:47.138867,5736,B,3510,536,4046,Qwen3-Next-80B-A3B-Instruct,Estimated from text
2026-01-09T02:10:56.928422,5737,S,1849,1806,3655,Qwen3-Next-80B-A3B-Instruct,Estimated from text
2026-01-09T02:11:00.950341,5737,A,5669,738,6407,Qwen3-Next-80B-A3B-Instruct,Estimated from text
2026-01-09T02:11:04.266130,5737,B,3353,571,3924,Qwen3-Next-80B-A3B-Instruct,Estimated from text
2026-01-09T02:11:15.739716,5738,S,1849,2115,3964,Qwen3-Next-80B-A3B-Instruct,Estimated from text
2026-01-09T02:11:21.062410,5738,A,5984,954,6938,Qwen3-Next-80B-A3B-Instruct,Estimated from text
2026-01-09T02:11:24.178610,5738,B,3569,490,4059,Qwen3-Next-80B-A3B-Instruct,Estimated from text
2026-01-09T02:11:35.771242,5739,S,1849,2262,4111,Qwen3-Next-80B-A3B-Instruct,Estimated from text
2026-01-09T02:11:40.496892,5739,A,6135,762,6897,Qwen3-Next-80B-A3B-Instruct,Estimated from text
2026-01-09T02:11:43.614706,5739,B,3376,489,3865,Qwen3-Next-80B-A3B-Instruct,Estimated from text
2026-01-09T02:11:54.187630,5740,S,1849,2088,3937,Qwen3-Next-80B-A3B-Instruct,Estimated from text
2026-01-09T02:11:59.216360,5740,A,5958,816,6774,Qwen3-Next-80B-A3B-Instruct,Estimated from text
2026-01-09T02:12:02.336195,5740,B,3429,513,3942,Qwen3-Next-80B-A3B-Instruct,Estimated from text
2026-01-09T02:12:13.707007,5741,S,1849,1890,3739,Qwen3-Next-80B-A3B-Instruct,Estimated from text
2026-01-09T02:12:17.324659,5741,A,5762,634,6396,Qwen3-Next-80B-A3B-Instruct,Estimated from text
2026-01-09T02:12:19.943344,5741,B,3248,398,3646,Qwen3-Next-80B-A3B-Instruct,Estimated from text
2026-01-09T02:12:30.121524,5742,S,1849,1869,3718,Qwen3-Next-80B-A3B-Instruct,Estimated from text
2026-01-09T02:12:35.244372,5742,A,5736,920,6656,Qwen3-Next-80B-A3B-Instruct,Estimated from text
2026-01-09T02:12:38.265068,5742,B,3534,507,4041,Qwen3-Next-80B-A3B-Instruct,Estimated from text
2026-01-09T02:12:50.343047,5743,S,1849,2241,4090,Qwen3-Next-80B-A3B-Instruct,Estimated from text
2026-01-09T02:12:55.667549,5743,A,6108,948,7056,Qwen3-Next-80B-A3B-Instruct,Estimated from text
2026-01-09T02:12:58.784246,5743,B,3562,544,4106,Qwen3-Next-80B-A3B-Instruct,Estimated from text
2026-01-09T02:13:09.966938,5744,S,1849,2059,3908,Qwen3-Next-80B-A3B-Instruct,Estimated from text
2026-01-09T02:13:14.388818,5744,A,5927,711,6638,Qwen3-Next-80B-A3B-Instruct,Estimated from text
2026-01-09T02:13:17.304387,5744,B,3325,464,3789,Qwen3-Next-80B-A3B-Instruct,Estimated from text
2026-01-09T02:13:26.983735,5745,S,1849,1879,3728,Qwen3-Next-80B-A3B-Instruct,Estimated from text
2026-01-09T02:13:31.202652,5745,A,5742,695,6437,Qwen3-Next-80B-A3B-Instruct,Estimated from text
2026-01-09T02:13:33.920932,5745,B,3309,489,3798,Qwen3-Next-80B-A3B-Instruct,Estimated from text
2026-01-09T02:13:42.706449,5746,S,1849,1707,3556,Qwen3-Next-80B-A3B-Instruct,Estimated from text
2026-01-09T02:13:47.025053,5746,A,5571,808,6379,Qwen3-Next-80B-A3B-Instruct,Estimated from text
2026-01-09T02:13:50.042566,5746,B,3422,486,3908,Qwen3-Next-80B-A3B-Instruct,Estimated from text
2026-01-09T02:14:00.426441,5747,S,1849,1788,3637,Qwen3-Next-80B-A3B-Instruct,Estimated from text
2026-01-09T02:14:03.843287,5747,A,5653,554,6207,Qwen3-Next-80B-A3B-Instruct,Estimated from text
2026-01-09T02:14:06.968151,5747,B,3168,480,3648,Qwen3-Next-80B-A3B-Instruct,Estimated from text
2026-01-09T02:14:17.250176,5748,S,1849,1910,3759,Qwen3-Next-80B-A3B-Instruct,Estimated from text
2026-01-09T02:14:21.371708,5748,A,5777,665,6442,Qwen3-Next-80B-A3B-Instruct,Estimated from text
2026-01-09T02:14:24.289367,5748,B,3279,429,3708,Qwen3-Next-80B-A3B-Instruct,Estimated from text
2026-01-09T02:14:34.767305,5749,S,1849,1764,3613,Qwen3-Next-80B-A3B-Instruct,Estimated from text
2026-01-09T02:14:38.484325,5749,A,5630,582,6212,Qwen3-Next-80B-A3B-Instruct,Estimated from text
2026-01-09T02:14:41.705299,5749,B,3196,470,3666,Qwen3-Next-80B-A3B-Instruct,Estimated from text
2026-01-09T02:14:50.985188,5750,S,1849,1593,3442,Qwen3-Next-80B-A3B-Instruct,Estimated from text
2026-01-09T02:14:55.506393,5750,A,5457,831,6288,Qwen3-Next-80B-A3B-Instruct,Estimated from text
2026-01-09T02:14:58.722654,5750,B,3445,493,3938,Qwen3-Next-80B-A3B-Instruct,Estimated from text
2026-01-09T02:15:11.818624,5751,S,1849,2287,4136,Qwen3-Next-80B-A3B-Instruct,Estimated from text
2026-01-09T02:15:15.837450,5751,A,6161,600,6761,Qwen3-Next-80B-A3B-Instruct,Estimated from text
2026-01-09T02:15:18.653188,5751,B,3214,433,3647,Qwen3-Next-80B-A3B-Instruct,Estimated from text
2026-01-09T02:15:30.451587,5752,S,1849,2164,4013,Qwen3-Next-80B-A3B-Instruct,Estimated from text
2026-01-09T02:15:34.671200,5752,A,6035,732,6767,Qwen3-Next-80B-A3B-Instruct,Estimated from text
2026-01-09T02:15:37.283565,5752,B,3345,375,3720,Qwen3-Next-80B-A3B-Instruct,Estimated from text
2026-01-09T02:15:47.972088,5754,S,1849,2092,3941,Qwen3-Next-80B-A3B-Instruct,Estimated from text
2026-01-09T02:15:52.393845,5754,A,5964,813,6777,Qwen3-Next-80B-A3B-Instruct,Estimated from text
2026-01-09T02:15:55.710256,5754,B,3434,497,3931,Qwen3-Next-80B-A3B-Instruct,Estimated from text
2026-01-09T02:16:06.497637,5755,S,1849,1978,3827,Qwen3-Next-80B-A3B-Instruct,Estimated from text
2026-01-09T02:16:10.422894,5755,A,5846,651,6497,Qwen3-Next-80B-A3B-Instruct,Estimated from text
2026-01-09T02:16:13.239156,5755,B,3266,435,3701,Qwen3-Next-80B-A3B-Instruct,Estimated from text
2026-01-09T02:16:22.115169,5756,S,1849,1637,3486,Qwen3-Next-80B-A3B-Instruct,Estimated from text
2026-01-09T02:16:26.439232,5756,A,5500,824,6324,Qwen3-Next-80B-A3B-Instruct,Estimated from text
2026-01-09T02:16:29.757962,5756,B,3439,514,3953,Qwen3-Next-80B-A3B-Instruct,Estimated from text
2026-01-09T02:16:39.747512,5757,S,1849,1869,3718,Qwen3-Next-80B-A3B-Instruct,Estimated from text
2026-01-09T02:16:44.970190,5757,A,5737,921,6658,Qwen3-Next-80B-A3B-Instruct,Estimated from text
2026-01-09T02:16:48.585655,5757,B,3537,563,4100,Qwen3-Next-80B-A3B-Instruct,Estimated from text
2026-01-09T02:16:58.200610,5759,S,1849,1726,3575,Qwen3-Next-80B-A3B-Instruct,Estimated from text
2026-01-09T02:17:02.823906,5759,A,5596,645,6241,Qwen3-Next-80B-A3B-Instruct,Estimated from text
2026-01-09T02:17:06.138322,5759,B,3266,474,3740,Qwen3-Next-80B-A3B-Instruct,Estimated from text
2026-01-09T02:17:17.120567,5760,S,1849,2108,3957,Qwen3-Next-80B-A3B-Instruct,Estimated from text
2026-01-09T02:17:20.738121,5760,A,5982,607,6589,Qwen3-Next-80B-A3B-Instruct,Estimated from text
2026-01-09T02:17:23.757966,5760,B,3225,503,3728,Qwen3-Next-80B-A3B-Instruct,Estimated from text
2026-01-09T02:17:36.275728,5762,S,1849,2210,4059,Qwen3-Next-80B-A3B-Instruct,Estimated from text
2026-01-09T02:17:40.199919,5762,A,6090,705,6795,Qwen3-Next-80B-A3B-Instruct,Estimated from text
2026-01-09T02:17:43.415264,5762,B,3331,508,3839,Qwen3-Next-80B-A3B-Instruct,Estimated from text
2026-01-09T02:17:52.715570,5764,S,1849,1841,3690,Qwen3-Next-80B-A3B-Instruct,Estimated from text
2026-01-09T02:17:57.541643,5764,A,5715,791,6506,Qwen3-Next-80B-A3B-Instruct,Estimated from text
2026-01-09T02:18:00.559425,5764,B,3414,504,3918,Qwen3-Next-80B-A3B-Instruct,Estimated from text
2026-01-09T02:18:12.874501,5766,S,1849,2400,4249,Qwen3-Next-80B-A3B-Instruct,Estimated from text
2026-01-09T02:18:17.505785,5766,A,6280,827,7107,Qwen3-Next-80B-A3B-Instruct,Estimated from text
2026-01-09T02:18:20.524720,5766,B,3449,442,3891,Qwen3-Next-80B-A3B-Instruct,Estimated from text
2026-01-09T02:18:32.010922,5767,S,1849,2096,3945,Qwen3-Next-80B-A3B-Instruct,Estimated from text
2026-01-09T02:18:36.640380,5767,A,5970,795,6765,Qwen3-Next-80B-A3B-Instruct,Estimated from text
2026-01-09T02:18:40.057756,5767,B,3411,525,3936,Qwen3-Next-80B-A3B-Instruct,Estimated from text
2026-01-09T02:18:51.743841,5768,S,1849,2046,3895,Qwen3-Next-80B-A3B-Instruct,Estimated from text
2026-01-09T02:18:56.766923,5768,A,5916,924,6840,Qwen3-Next-80B-A3B-Instruct,Estimated from text
2026-01-09T02:19:00.386436,5768,B,3541,584,4125,Qwen3-Next-80B-A3B-Instruct,Estimated from text
2026-01-09T02:19:11.061512,5769,S,1849,2001,3850,Qwen3-Next-80B-A3B-Instruct,Estimated from text
2026-01-09T02:19:16.185166,5769,A,5871,978,6849,Qwen3-Next-80B-A3B-Instruct,Estimated from text
2026-01-09T02:19:19.401317,5769,B,3594,488,4082,Qwen3-Next-80B-A3B-Instruct,Estimated from text
2026-01-09T02:19:30.990523,5770,S,1849,2274,4123,Qwen3-Next-80B-A3B-Instruct,Estimated from text
2026-01-09T02:19:35.012948,5770,A,6147,654,6801,Qwen3-Next-80B-A3B-Instruct,Estimated from text
2026-01-09T02:19:38.327687,5770,B,3271,549,3820,Qwen3-Next-80B-A3B-Instruct,Estimated from text
2026-01-09T02:19:50.220607,5771,S,1849,2324,4173,Qwen3-Next-80B-A3B-Instruct,Estimated from text
2026-01-09T02:19:54.941485,5771,A,6198,789,6987,Qwen3-Next-80B-A3B-Instruct,Estimated from text
2026-01-09T02:19:57.859408,5771,B,3405,465,3870,Qwen3-Next-80B-A3B-Instruct,Estimated from text
2026-01-09T02:20:05.818009,5772,S,1849,1346,3195,Qwen3-Next-80B-A3B-Instruct,Estimated from text
2026-01-09T02:20:10.140580,5772,A,5208,747,5955,Qwen3-Next-80B-A3B-Instruct,Estimated from text
2026-01-09T02:20:12.860649,5772,B,3364,379,3743,Qwen3-Next-80B-A3B-Instruct,Estimated from text
2026-01-09T02:20:26.040342,5773,S,1849,2477,4326,Qwen3-Next-80B-A3B-Instruct,Estimated from text
2026-01-09T02:20:29.557336,5773,A,6353,554,6907,Qwen3-Next-80B-A3B-Instruct,Estimated from text
2026-01-09T02:20:32.574454,5773,B,3171,501,3672,Qwen3-Next-80B-A3B-Instruct,Estimated from text
2026-01-09T02:20:43.076784,5775,S,1849,1757,3606,Qwen3-Next-80B-A3B-Instruct,Estimated from text
2026-01-09T02:20:46.693773,5775,A,5634,603,6237,Qwen3-Next-80B-A3B-Instruct,Estimated from text
2026-01-09T02:20:49.309819,5775,B,3228,495,3723,Qwen3-Next-80B-A3B-Instruct,Estimated from text
2026-01-09T02:21:01.284062,5776,S,1849,2364,4213,Qwen3-Next-80B-A3B-Instruct,Estimated from text
2026-01-09T02:21:06.711155,5776,A,6250,1107,7357,Qwen3-Next-80B-A3B-Instruct,Estimated from text
2026-01-09T02:21:10.026510,5776,B,3732,633,4365,Qwen3-Next-80B-A3B-Instruct,Estimated from text
2026-01-09T02:21:19.500536,5777,S,1849,1741,3590,Qwen3-Next-80B-A3B-Instruct,Estimated from text
2026-01-09T02:21:24.021098,5777,A,5619,809,6428,Qwen3-Next-80B-A3B-Instruct,Estimated from text
2026-01-09T02:21:26.941801,5777,B,3434,468,3902,Qwen3-Next-80B-A3B-Instruct,Estimated from text
2026-01-09T02:21:40.545161,5778,S,1849,2802,4651,Qwen3-Next-80B-A3B-Instruct,Estimated from text
2026-01-09T02:21:44.665884,5778,A,6682,684,7366,Qwen3-Next-80B-A3B-Instruct,Estimated from text
2026-01-09T02:21:47.378655,5778,B,3301,454,3755,Qwen3-Next-80B-A3B-Instruct,Estimated from text
2026-01-09T02:21:58.663625,5779,S,1849,1889,3738,Qwen3-Next-80B-A3B-Instruct,Estimated from text
2026-01-09T02:22:03.082142,5779,A,5760,804,6564,Qwen3-Next-80B-A3B-Instruct,Estimated from text
2026-01-09T02:22:05.597951,5779,B,3420,393,3813,Qwen3-Next-80B-A3B-Instruct,Estimated from text
2026-01-09T02:22:14.785908,5780,S,1849,1461,3310,Qwen3-Next-80B-A3B-Instruct,Estimated from text
2026-01-09T02:22:18.908763,5780,A,5327,736,6063,Qwen3-Next-80B-A3B-Instruct,Estimated from text
2026-01-09T02:22:22.226593,5780,B,3353,548,3901,Qwen3-Next-80B-A3B-Instruct,Estimated from text
2026-01-09T02:22:36.141812,5781,S,1849,2617,4466,Qwen3-Next-80B-A3B-Instruct,Estimated from text
2026-01-09T02:22:42.183372,5781,A,6500,1113,7613,Qwen3-Next-80B-A3B-Instruct,Estimated from text
2026-01-09T02:22:45.300557,5781,B,3730,445,4175,Qwen3-Next-80B-A3B-Instruct,Estimated from text
2026-01-09T02:22:57.280760,5782,S,1849,2182,4031,Qwen3-Next-80B-A3B-Instruct,Estimated from text
2026-01-09T02:23:01.806976,5782,A,6054,825,6879,Qwen3-Next-80B-A3B-Instruct,Estimated from text
2026-01-09T02:23:04.921765,5782,B,3441,603,4044,Qwen3-Next-80B-A3B-Instruct,Estimated from text
2026-01-09T02:23:15.523256,5784,S,1849,2007,3856,Qwen3-Next-80B-A3B-Instruct,Estimated from text
2026-01-09T02:23:18.938538,5784,A,5879,690,6569,Qwen3-Next-80B-A3B-Instruct,Estimated from text
2026-01-09T02:23:22.159837,5784,B,3309,547,3856,Qwen3-Next-80B-A3B-Instruct,Estimated from text
2026-01-09T02:23:31.049048,5785,S,1849,1617,3466,Qwen3-Next-80B-A3B-Instruct,Estimated from text
2026-01-09T02:23:36.276596,5785,A,5484,807,6291,Qwen3-Next-80B-A3B-Instruct,Estimated from text
2026-01-09T02:23:39.596400,5785,B,3424,470,3894,Qwen3-Next-80B-A3B-Instruct,Estimated from text
2026-01-09T02:23:50.008011,5786,S,1849,1949,3798,Qwen3-Next-80B-A3B-Instruct,Estimated from text
2026-01-09T02:23:55.534022,5786,A,5820,1014,6834,Qwen3-Next-80B-A3B-Instruct,Estimated from text
2026-01-09T02:23:59.050520,5786,B,3631,560,4191,Qwen3-Next-80B-A3B-Instruct,Estimated from text
2026-01-09T02:24:08.930494,5787,S,1849,1911,3760,Qwen3-Next-80B-A3B-Instruct,Estimated from text
2026-01-09T02:24:14.053777,5787,A,5782,988,6770,Qwen3-Next-80B-A3B-Instruct,Estimated from text
2026-01-09T02:24:17.578420,5787,B,3605,556,4161,Qwen3-Next-80B-A3B-Instruct,Estimated from text
2026-01-09T02:24:26.585695,5789,S,1849,1827,3676,Qwen3-Next-80B-A3B-Instruct,Estimated from text
2026-01-09T02:24:30.307490,5789,A,5703,704,6407,Qwen3-Next-80B-A3B-Instruct,Estimated from text
2026-01-09T02:24:33.322269,5789,B,3329,488,3817,Qwen3-Next-80B-A3B-Instruct,Estimated from text
2026-01-09T02:24:43.407544,5790,S,1849,1719,3568,Qwen3-Next-80B-A3B-Instruct,Estimated from text
2026-01-09T02:24:47.427149,5790,A,5586,687,6273,Qwen3-Next-80B-A3B-Instruct,Estimated from text
2026-01-09T02:24:50.343622,5790,B,3303,442,3745,Qwen3-Next-80B-A3B-Instruct,Estimated from text
2026-01-09T02:25:04.438194,5791,S,1849,2721,4570,Qwen3-Next-80B-A3B-Instruct,Estimated from text
2026-01-09T02:25:09.761991,5791,A,6596,881,7477,Qwen3-Next-80B-A3B-Instruct,Estimated from text
2026-01-09T02:25:13.379205,5791,B,3498,592,4090,Qwen3-Next-80B-A3B-Instruct,Estimated from text
2026-01-09T02:25:25.682133,5793,S,1849,2178,4027,Qwen3-Next-80B-A3B-Instruct,Estimated from text
2026-01-09T02:25:31.008412,5793,A,6061,909,6970,Qwen3-Next-80B-A3B-Instruct,Estimated from text
2026-01-09T02:25:34.825342,5793,B,3534,655,4189,Qwen3-Next-80B-A3B-Instruct,Estimated from text
2026-01-09T02:25:46.710944,5794,S,1849,2220,4069,Qwen3-Next-80B-A3B-Instruct,Estimated from text
2026-01-09T02:25:52.642938,5794,A,6096,1142,7238,Qwen3-Next-80B-A3B-Instruct,Estimated from text
2026-01-09T02:25:56.560170,5794,B,3765,693,4458,Qwen3-Next-80B-A3B-Instruct,Estimated from text
2026-01-09T02:26:06.553391,5796,S,1849,1816,3665,Qwen3-Next-80B-A3B-Instruct,Estimated from text
2026-01-09T02:26:12.281525,5796,A,5695,1028,6723,Qwen3-Next-80B-A3B-Instruct,Estimated from text
2026-01-09T02:26:16.000830,5796,B,3653,580,4233,Qwen3-Next-80B-A3B-Instruct,Estimated from text
2026-01-09T02:26:24.860176,5797,S,1849,1635,3484,Qwen3-Next-80B-A3B-Instruct,Estimated from text
2026-01-09T02:26:29.178819,5797,A,5512,767,6279,Qwen3-Next-80B-A3B-Instruct,Estimated from text
2026-01-09T02:26:32.097907,5797,B,3392,478,3870,Qwen3-Next-80B-A3B-Instruct,Estimated from text
2026-01-09T02:26:42.086762,5798,S,1849,1953,3802,Qwen3-Next-80B-A3B-Instruct,Estimated from text
2026-01-09T02:26:46.108567,5798,A,5826,617,6443,Qwen3-Next-80B-A3B-Instruct,Estimated from text
2026-01-09T02:26:48.722599,5798,B,3237,461,3698,Qwen3-Next-80B-A3B-Instruct,Estimated from text
2026-01-09T02:26:57.707562,5800,S,1849,1665,3514,Qwen3-Next-80B-A3B-Instruct,Estimated from text
2026-01-09T02:27:02.930627,5800,A,5541,896,6437,Qwen3-Next-80B-A3B-Instruct,Estimated from text
2026-01-09T02:27:06.449141,5800,B,3521,625,4146,Qwen3-Next-80B-A3B-Instruct,Estimated from text
2026-01-09T02:27:16.732217,5801,S,1849,1993,3842,Qwen3-Next-80B-A3B-Instruct,Estimated from text
2026-01-09T02:27:21.354984,5801,A,5866,874,6740,Qwen3-Next-80B-A3B-Instruct,Estimated from text
2026-01-09T02:27:24.571674,5801,B,3494,600,4094,Qwen3-Next-80B-A3B-Instruct,Estimated from text
2026-01-09T02:27:35.749173,5802,S,1849,1881,3730,Qwen3-Next-80B-A3B-Instruct,Estimated from text
2026-01-09T02:27:39.568337,5802,A,5754,617,6371,Qwen3-Next-80B-A3B-Instruct,Estimated from text
2026-01-09T02:27:42.582748,5802,B,3237,451,3688,Qwen3-Next-80B-A3B-Instruct,Estimated from text
2026-01-09T02:27:52.560415,5803,S,1849,1889,3738,Qwen3-Next-80B-A3B-Instruct,Estimated from text
2026-01-09T02:27:56.682334,5803,A,5760,758,6518,Qwen3-Next-80B-A3B-Instruct,Estimated from text
2026-01-09T02:28:00.100251,5803,B,3378,566,3944,Qwen3-Next-80B-A3B-Instruct,Estimated from text
2026-01-09T02:28:10.091866,5804,S,1849,1833,3682,Qwen3-Next-80B-A3B-Instruct,Estimated from text
2026-01-09T02:28:13.810808,5804,A,5705,699,6404,Qwen3-Next-80B-A3B-Instruct,Estimated from text
2026-01-09T02:28:17.028590,5804,B,3319,569,3888,Qwen3-Next-80B-A3B-Instruct,Estimated from text
2026-01-09T02:28:28.410735,5805,S,1849,1884,3733,Qwen3-Next-80B-A3B-Instruct,Estimated from text
2026-01-09T02:28:33.535449,5805,A,5759,831,6590,Qwen3-Next-80B-A3B-Instruct,Estimated from text
2026-01-09T02:28:36.756341,5805,B,3450,535,3985,Qwen3-Next-80B-A3B-Instruct,Estimated from text
2026-01-09T02:28:46.646327,5806,S,1849,1842,3691,Qwen3-Next-80B-A3B-Instruct,Estimated from text
2026-01-09T02:28:51.265035,5806,A,5715,781,6496,Qwen3-Next-80B-A3B-Instruct,Estimated from text
2026-01-09T02:28:53.578307,5806,B,3401,354,3755,Qwen3-Next-80B-A3B-Instruct,Estimated from text
2026-01-09T02:29:01.153370,5807,S,1849,1259,3108,Qwen3-Next-80B-A3B-Instruct,Estimated from text
2026-01-09T02:29:04.769275,5807,A,5127,555,5682,Qwen3-Next-80B-A3B-Instruct,Estimated from text
2026-01-09T02:29:07.882682,5807,B,3175,442,3617,Qwen3-Next-80B-A3B-Instruct,Estimated from text
2026-01-09T02:29:16.947158,5808,S,1849,1629,3478,Qwen3-Next-80B-A3B-Instruct,Estimated from text
2026-01-09T02:29:21.570027,5808,A,5501,847,6348,Qwen3-Next-80B-A3B-Instruct,Estimated from text
2026-01-09T02:29:23.881416,5808,B,3467,368,3835,Qwen3-Next-80B-A3B-Instruct,Estimated from text
2026-01-09T02:29:33.875550,5809,S,1849,1759,3608,Qwen3-Next-80B-A3B-Instruct,Estimated from text
2026-01-09T02:29:38.196515,5809,A,5633,744,6377,Qwen3-Next-80B-A3B-Instruct,Estimated from text
2026-01-09T02:29:41.815332,5809,B,3363,542,3905,Qwen3-Next-80B-A3B-Instruct,Estimated from text
2026-01-09T02:29:52.782931,5810,S,1849,2042,3891,Qwen3-Next-80B-A3B-Instruct,Estimated from text
2026-01-09T02:29:57.420013,5810,A,5916,688,6604,Qwen3-Next-80B-A3B-Instruct,Estimated from text
2026-01-09T02:30:00.836844,5810,B,3308,551,3859,Qwen3-Next-80B-A3B-Instruct,Estimated from text
2026-01-09T02:30:09.605969,5811,S,1849,1701,3550,Qwen3-Next-80B-A3B-Instruct,Estimated from text
2026-01-09T02:30:14.026567,5811,A,5571,800,6371,Qwen3-Next-80B-A3B-Instruct,Estimated from text
2026-01-09T02:30:16.840828,5811,B,3420,449,3869,Qwen3-Next-80B-A3B-Instruct,Estimated from text
2026-01-09T02:30:26.913815,5812,S,1849,1719,3568,Qwen3-Next-80B-A3B-Instruct,Estimated from text
2026-01-09T02:30:32.842809,5812,A,5592,1114,6706,Qwen3-Next-80B-A3B-Instruct,Estimated from text
2026-01-09T02:30:36.363949,5812,B,3734,571,4305,Qwen3-Next-80B-A3B-Instruct,Estimated from text
2026-01-09T02:30:45.537465,5813,S,1849,1613,3462,Qwen3-Next-80B-A3B-Instruct,Estimated from text
2026-01-09T02:30:50.675187,5813,A,5484,831,6315,Qwen3-Next-80B-A3B-Instruct,Estimated from text
2026-01-09T02:30:53.889928,5813,B,3451,484,3935,Qwen3-Next-80B-A3B-Instruct,Estimated from text
2026-01-09T02:31:05.163967,5814,S,1849,2102,3951,Qwen3-Next-80B-A3B-Instruct,Estimated from text
2026-01-09T02:31:09.785063,5814,A,5973,798,6771,Qwen3-Next-80B-A3B-Instruct,Estimated from text
2026-01-09T02:31:13.203967,5814,B,3418,588,4006,Qwen3-Next-80B-A3B-Instruct,Estimated from text
2026-01-09T02:31:23.021783,5817,S,1849,1898,3747,Qwen3-Next-80B-A3B-Instruct,Estimated from text
2026-01-09T02:31:27.141990,5817,A,5770,778,6548,Qwen3-Next-80B-A3B-Instruct,Estimated from text
2026-01-09T02:31:30.259922,5817,B,3399,591,3990,Qwen3-Next-80B-A3B-Instruct,Estimated from text
2026-01-09T02:31:41.235272,5818,S,1849,2052,3901,Qwen3-Next-80B-A3B-Instruct,Estimated from text
2026-01-09T02:31:47.167208,5818,A,5926,1041,6967,Qwen3-Next-80B-A3B-Instruct,Estimated from text
2026-01-09T02:31:50.585177,5818,B,3662,538,4200,Qwen3-Next-80B-A3B-Instruct,Estimated from text
2026-01-09T02:32:00.780029,5819,S,1849,1971,3820,Qwen3-Next-80B-A3B-Instruct,Estimated from text
2026-01-09T02:32:05.299716,5819,A,5842,737,6579,Qwen3-Next-80B-A3B-Instruct,Estimated from text
2026-01-09T02:32:08.312309,5819,B,3357,472,3829,Qwen3-Next-80B-A3B-Instruct,Estimated from text
2026-01-09T02:32:17.877952,5820,S,1849,1602,3451,Qwen3-Next-80B-A3B-Instruct,Estimated from text
2026-01-09T02:32:21.805720,5820,A,5472,636,6108,Qwen3-Next-80B-A3B-Instruct,Estimated from text
2026-01-09T02:32:24.921265,5820,B,3255,465,3720,Qwen3-Next-80B-A3B-Instruct,Estimated from text
2026-01-09T02:32:34.191765,5821,S,1849,1661,3510,Qwen3-Next-80B-A3B-Instruct,Estimated from text
2026-01-09T02:32:38.415089,5821,A,5532,721,6253,Qwen3-Next-80B-A3B-Instruct,Estimated from text
2026-01-09T02:32:41.629895,5821,B,3341,527,3868,Qwen3-Next-80B-A3B-Instruct,Estimated from text
2026-01-09T02:32:51.596723,5822,S,1849,2094,3943,Qwen3-Next-80B-A3B-Instruct,Estimated from text
2026-01-09T02:32:57.022384,5822,A,5968,880,6848,Qwen3-Next-80B-A3B-Instruct,Estimated from text
2026-01-09T02:32:59.837813,5822,B,3500,422,3922,Qwen3-Next-80B-A3B-Instruct,Estimated from text
2026-01-09T02:33:10.424673,5823,S,1849,1989,3838,Qwen3-Next-80B-A3B-Instruct,Estimated from text
2026-01-09T02:33:15.863389,5823,A,5865,945,6810,Qwen3-Next-80B-A3B-Instruct,Estimated from text
2026-01-09T02:33:19.785547,5823,B,3565,729,4294,Qwen3-Next-80B-A3B-Instruct,Estimated from text
2026-01-09T02:33:30.295632,5825,S,1849,1976,3825,Qwen3-Next-80B-A3B-Instruct,Estimated from text
2026-01-09T02:33:33.812934,5825,A,5847,577,6424,Qwen3-Next-80B-A3B-Instruct,Estimated from text
2026-01-09T02:33:37.026952,5825,B,3198,458,3656,Qwen3-Next-80B-A3B-Instruct,Estimated from text
2026-01-09T02:33:46.410711,5826,S,1849,1798,3647,Qwen3-Next-80B-A3B-Instruct,Estimated from text
2026-01-09T02:33:50.633652,5826,A,5665,776,6441,Qwen3-Next-80B-A3B-Instruct,Estimated from text
2026-01-09T02:33:53.747598,5826,B,3391,541,3932,Qwen3-Next-80B-A3B-Instruct,Estimated from text
2026-01-09T02:34:04.525387,5827,S,1849,2085,3934,Qwen3-Next-80B-A3B-Instruct,Estimated from text
2026-01-09T02:34:08.352520,5827,A,5952,665,6617,Qwen3-Next-80B-A3B-Instruct,Estimated from text
2026-01-09T02:34:11.872292,5827,B,3280,570,3850,Qwen3-Next-80B-A3B-Instruct,Estimated from text
2026-01-09T02:34:23.261810,5828,S,1849,2217,4066,Qwen3-Next-80B-A3B-Instruct,Estimated from text
2026-01-09T02:34:27.984879,5828,A,6088,825,6913,Qwen3-Next-80B-A3B-Instruct,Estimated from text
2026-01-09T02:34:30.897907,5828,B,3440,486,3926,Qwen3-Next-80B-A3B-Instruct,Estimated from text
2026-01-09T02:34:42.103876,5830,S,1849,2109,3958,Qwen3-Next-80B-A3B-Instruct,Estimated from text
2026-01-09T02:34:46.523846,5830,A,5983,789,6772,Qwen3-Next-80B-A3B-Instruct,Estimated from text
2026-01-09T02:34:49.638587,5830,B,3409,546,3955,Qwen3-Next-80B-A3B-Instruct,Estimated from text
2026-01-09T02:35:00.114876,5831,S,1849,1937,3786,Qwen3-Next-80B-A3B-Instruct,Estimated from text
2026-01-09T02:35:03.835551,5831,A,5811,672,6483,Qwen3-Next-80B-A3B-Instruct,Estimated from text
2026-01-09T02:35:06.955065,5831,B,3293,453,3746,Qwen3-Next-80B-A3B-Instruct,Estimated from text
2026-01-09T02:35:17.232742,5832,S,1849,1902,3751,Qwen3-Next-80B-A3B-Instruct,Estimated from text
2026-01-09T02:35:21.355603,5832,A,5775,758,6533,Qwen3-Next-80B-A3B-Instruct,Estimated from text
2026-01-09T02:35:24.571054,5832,B,3379,439,3818,Qwen3-Next-80B-A3B-Instruct,Estimated from text
2026-01-09T02:35:34.672015,5833,S,1849,2117,3966,Qwen3-Next-80B-A3B-Instruct,Estimated from text
2026-01-09T02:35:39.100676,5833,A,5994,677,6671,Qwen3-Next-80B-A3B-Instruct,Estimated from text
2026-01-09T02:35:42.416039,5833,B,3297,570,3867,Qwen3-Next-80B-A3B-Instruct,Estimated from text
2026-01-09T02:35:52.498507,5834,S,1849,1952,3801,Qwen3-Next-80B-A3B-Instruct,Estimated from text
2026-01-09T02:35:56.820466,5834,A,5823,675,6498,Qwen3-Next-80B-A3B-Instruct,Estimated from text
2026-01-09T02:35:59.734752,5834,B,3295,450,3745,Qwen3-Next-80B-A3B-Instruct,Estimated from text
2026-01-09T02:36:08.698229,5835,S,1849,1726,3575,Qwen3-Next-80B-A3B-Instruct,Estimated from text
2026-01-09T02:36:13.533831,5835,A,5596,814,6410,Qwen3-Next-80B-A3B-Instruct,Estimated from text
2026-01-09T02:36:16.649555,5835,B,3434,484,3918,Qwen3-Next-80B-A3B-Instruct,Estimated from text
2026-01-09T02:36:26.822517,5836,S,1849,1928,3777,Qwen3-Next-80B-A3B-Instruct,Estimated from text
2026-01-09T02:36:31.649344,5836,A,5802,816,6618,Qwen3-Next-80B-A3B-Instruct,Estimated from text
2026-01-09T02:36:34.765077,5836,B,3435,458,3893,Qwen3-Next-80B-A3B-Instruct,Estimated from text
2026-01-09T02:36:48.070012,5837,S,1849,2496,4345,Qwen3-Next-80B-A3B-Instruct,Estimated from text
2026-01-09T02:36:52.490013,5837,A,6378,691,7069,Qwen3-Next-80B-A3B-Instruct,Estimated from text
2026-01-09T02:36:55.907625,5837,B,3311,472,3783,Qwen3-Next-80B-A3B-Instruct,Estimated from text
2026-01-09T02:37:07.384226,5838,S,1849,2048,3897,Qwen3-Next-80B-A3B-Instruct,Estimated from text
2026-01-09T02:37:11.606305,5838,A,5921,644,6565,Qwen3-Next-80B-A3B-Instruct,Estimated from text
2026-01-09T02:37:14.520281,5838,B,3264,435,3699,Qwen3-Next-80B-A3B-Instruct,Estimated from text
2026-01-09T02:37:26.400017,5839,S,1849,2290,4139,Qwen3-Next-80B-A3B-Instruct,Estimated from text
2026-01-09T02:37:30.924507,5839,A,6168,873,7041,Qwen3-Next-80B-A3B-Instruct,Estimated from text
2026-01-09T02:37:34.441111,5839,B,3492,696,4188,Qwen3-Next-80B-A3B-Instruct,Estimated from text
2026-01-09T02:37:45.625325,5840,S,1849,1954,3803,Qwen3-Next-80B-A3B-Instruct,Estimated from text
2026-01-09T02:37:49.744473,5840,A,5826,657,6483,Qwen3-Next-80B-A3B-Instruct,Estimated from text
2026-01-09T02:37:52.761742,5840,B,3277,430,3707,Qwen3-Next-80B-A3B-Instruct,Estimated from text
2026-01-09T02:38:02.430599,5841,S,1849,1784,3633,Qwen3-Next-80B-A3B-Instruct,Estimated from text
2026-01-09T02:38:06.951321,5841,A,5655,768,6423,Qwen3-Next-80B-A3B-Instruct,Estimated from text
2026-01-09T02:38:10.168340,5841,B,3388,478,3866,Qwen3-Next-80B-A3B-Instruct,Estimated from text
2026-01-09T02:38:19.943665,5842,S,1849,1826,3675,Qwen3-Next-80B-A3B-Instruct,Estimated from text
2026-01-09T02:38:24.366195,5842,A,5697,755,6452,Qwen3-Next-80B-A3B-Instruct,Estimated from text
2026-01-09T02:38:27.093814,5842,B,3375,405,3780,Qwen3-Next-80B-A3B-Instruct,Estimated from text
2026-01-09T02:38:37.782823,5843,S,1849,1999,3848,Qwen3-Next-80B-A3B-Instruct,Estimated from text
2026-01-09T02:38:42.808739,5843,A,5871,921,6792,Qwen3-Next-80B-A3B-Instruct,Estimated from text
2026-01-09T02:38:45.923720,5843,B,3541,491,4032,Qwen3-Next-80B-A3B-Instruct,Estimated from text
2026-01-09T02:38:55.699786,5844,S,1849,1808,3657,Qwen3-Next-80B-A3B-Instruct,Estimated from text
2026-01-09T02:39:00.422237,5844,A,5679,846,6525,Qwen3-Next-80B-A3B-Instruct,Estimated from text
2026-01-09T02:39:04.041528,5844,B,3465,537,4002,Qwen3-Next-80B-A3B-Instruct,Estimated from text
2026-01-09T02:39:15.328658,5845,S,1849,2208,4057,Qwen3-Next-80B-A3B-Instruct,Estimated from text
2026-01-09T02:39:19.851674,5845,A,6084,816,6900,Qwen3-Next-80B-A3B-Instruct,Estimated from text
2026-01-09T02:39:23.068492,5845,B,3436,540,3976,Qwen3-Next-80B-A3B-Instruct,Estimated from text
2026-01-09T02:39:33.081327,5846,S,1849,1878,3727,Qwen3-Next-80B-A3B-Instruct,Estimated from text
2026-01-09T02:39:39.118076,5846,A,5747,1029,6776,Qwen3-Next-80B-A3B-Instruct,Estimated from text
2026-01-09T02:39:42.333869,5846,B,3649,541,4190,Qwen3-Next-80B-A3B-Instruct,Estimated from text
2026-01-09T02:39:54.034372,5847,S,1849,2238,4087,Qwen3-Next-80B-A3B-Instruct,Estimated from text
2026-01-09T02:39:58.553763,5847,A,6116,753,6869,Qwen3-Next-80B-A3B-Instruct,Estimated from text
2026-01-09T02:40:01.876991,5847,B,3373,591,3964,Qwen3-Next-80B-A3B-Instruct,Estimated from text
2026-01-09T02:40:12.304568,5849,S,1849,1779,3628,Qwen3-Next-80B-A3B-Instruct,Estimated from text
2026-01-09T02:40:16.022470,5849,A,5653,594,6247,Qwen3-Next-80B-A3B-Instruct,Estimated from text
2026-01-09T02:40:21.849608,5849,B,3213,932,4145,Qwen3-Next-80B-A3B-Instruct,Estimated from text
2026-01-09T02:40:32.736230,5850,S,1849,2155,4004,Qwen3-Next-80B-A3B-Instruct,Estimated from text
2026-01-09T02:40:37.366309,5850,A,6030,740,6770,Qwen3-Next-80B-A3B-Instruct,Estimated from text
2026-01-09T02:40:40.382808,5850,B,3358,448,3806,Qwen3-Next-80B-A3B-Instruct,Estimated from text
2026-01-09T02:40:51.579453,5851,S,1849,2157,4006,Qwen3-Next-80B-A3B-Instruct,Estimated from text
2026-01-09T02:40:57.108073,5851,A,6035,1056,7091,Qwen3-Next-80B-A3B-Instruct,Estimated from text
2026-01-09T02:41:00.527154,5851,B,3675,593,4268,Qwen3-Next-80B-A3B-Instruct,Estimated from text
2026-01-09T02:41:08.488529,5852,S,1849,1556,3405,Qwen3-Next-80B-A3B-Instruct,Estimated from text
2026-01-09T02:41:12.309639,5852,A,5422,570,5992,Qwen3-Next-80B-A3B-Instruct,Estimated from text
2026-01-09T02:41:15.726951,5852,B,3188,587,3775,Qwen3-Next-80B-A3B-Instruct,Estimated from text
2026-01-09T02:41:23.805320,5853,S,1849,1376,3225,Qwen3-Next-80B-A3B-Instruct,Estimated from text
2026-01-09T02:41:28.527675,5853,A,5243,855,6098,Qwen3-Next-80B-A3B-Instruct,Estimated from text
2026-01-09T02:41:31.847742,5853,B,3474,594,4068,Qwen3-Next-80B-A3B-Instruct,Estimated from text
2026-01-09T02:41:41.944170,5854,S,1849,1920,3769,Qwen3-Next-80B-A3B-Instruct,Estimated from text
2026-01-09T02:41:46.280914,5854,A,5793,758,6551,Qwen3-Next-80B-A3B-Instruct,Estimated from text
2026-01-09T02:41:49.094949,5854,B,3376,420,3796,Qwen3-Next-80B-A3B-Instruct,Estimated from text
2026-01-09T02:41:57.271990,5855,S,1849,1662,3511,Qwen3-Next-80B-A3B-Instruct,Estimated from text
2026-01-09T02:42:00.891458,5855,A,5529,607,6136,Qwen3-Next-80B-A3B-Instruct,Estimated from text
2026-01-09T02:42:06.124209,5855,B,3225,834,4059,Qwen3-Next-80B-A3B-Instruct,Estimated from text
2026-01-09T02:42:14.286286,5856,S,1849,1457,3306,Qwen3-Next-80B-A3B-Instruct,Estimated from text
2026-01-09T02:42:18.705815,5856,A,5325,721,6046,Qwen3-Next-80B-A3B-Instruct,Estimated from text
2026-01-09T02:42:22.222090,5856,B,3339,541,3880,Qwen3-Next-80B-A3B-Instruct,Estimated from text
2026-01-09T02:42:33.804704,5857,S,1849,2263,4112,Qwen3-Next-80B-A3B-Instruct,Estimated from text
2026-01-09T02:42:39.131124,5857,A,6139,992,7131,Qwen3-Next-80B-A3B-Instruct,Estimated from text
2026-01-09T02:42:42.150340,5857,B,3610,578,4188,Qwen3-Next-80B-A3B-Instruct,Estimated from text
2026-01-09T02:42:50.640963,5859,S,1849,1675,3524,Qwen3-Next-80B-A3B-Instruct,Estimated from text
2026-01-09T02:42:55.163827,5859,A,5543,738,6281,Qwen3-Next-80B-A3B-Instruct,Estimated from text
2026-01-09T02:42:58.182458,5859,B,3357,416,3773,Qwen3-Next-80B-A3B-Instruct,Estimated from text
2026-01-09T02:43:06.860256,5860,S,1849,1614,3463,Qwen3-Next-80B-A3B-Instruct,Estimated from text
2026-01-09T02:43:10.879426,5860,A,5481,662,6143,Qwen3-Next-80B-A3B-Instruct,Estimated from text
2026-01-09T02:43:13.995214,5860,B,3280,497,3777,Qwen3-Next-80B-A3B-Instruct,Estimated from text
2026-01-09T02:43:25.086893,5861,S,1849,2177,4026,Qwen3-Next-80B-A3B-Instruct,Estimated from text
2026-01-09T02:43:29.409984,5861,A,6048,756,6804,Qwen3-Next-80B-A3B-Instruct,Estimated from text
2026-01-09T02:43:32.323929,5861,B,3375,480,3855,Qwen3-Next-80B-A3B-Instruct,Estimated from text
2026-01-09T02:43:42.204666,5862,S,1849,1686,3535,Qwen3-Next-80B-A3B-Instruct,Estimated from text
2026-01-09T02:43:46.127595,5862,A,5556,614,6170,Qwen3-Next-80B-A3B-Instruct,Estimated from text
2026-01-09T02:43:49.041869,5862,B,3232,451,3683,Qwen3-Next-80B-A3B-Instruct,Estimated from text
2026-01-09T02:43:59.848631,5863,S,1849,2058,3907,Qwen3-Next-80B-A3B-Instruct,Estimated from text
2026-01-09T02:44:06.180483,5863,A,5931,1115,7046,Qwen3-Next-80B-A3B-Instruct,Estimated from text
2026-01-09T02:44:09.599541,5863,B,3733,582,4315,Qwen3-Next-80B-A3B-Instruct,Estimated from text
2026-01-09T02:44:18.295429,5864,S,1849,1594,3443,Qwen3-Next-80B-A3B-Instruct,Estimated from text
2026-01-09T02:44:23.017571,5864,A,5460,720,6180,Qwen3-Next-80B-A3B-Instruct,Estimated from text
2026-01-09T02:44:26.135610,5864,B,3338,491,3829,Qwen3-Next-80B-A3B-Instruct,Estimated from text
2026-01-09T02:44:36.014672,5865,S,1849,1918,3767,Qwen3-Next-80B-A3B-Instruct,Estimated from text
2026-01-09T02:44:40.133461,5865,A,5785,737,6522,Qwen3-Next-80B-A3B-Instruct,Estimated from text
2026-01-09T02:44:42.848229,5865,B,3355,394,3749,Qwen3-Next-80B-A3B-Instruct,Estimated from text
2026-01-09T02:44:52.931634,5866,S,1849,2003,3852,Qwen3-Next-80B-A3B-Instruct,Estimated from text
2026-01-09T02:44:57.756390,5866,A,5874,788,6662,Qwen3-Next-80B-A3B-Instruct,Estimated from text
2026-01-09T02:45:00.971626,5866,B,3406,526,3932,Qwen3-Next-80B-A3B-Instruct,Estimated from text
2026-01-09T02:45:10.545759,5867,S,1849,1853,3702,Qwen3-Next-80B-A3B-Instruct,Estimated from text
2026-01-09T02:45:14.466594,5867,A,5722,707,6429,Qwen3-Next-80B-A3B-Instruct,Estimated from text
2026-01-09T02:45:17.685690,5867,B,3325,498,3823,Qwen3-Next-80B-A3B-Instruct,Estimated from text
2026-01-09T02:45:26.384073,5868,S,1849,1683,3532,Qwen3-Next-80B-A3B-Instruct,Estimated from text
2026-01-09T02:45:30.506156,5868,A,5553,614,6167,Qwen3-Next-80B-A3B-Instruct,Estimated from text
2026-01-09T02:45:33.624181,5868,B,3232,514,3746,Qwen3-Next-80B-A3B-Instruct,Estimated from text
2026-01-09T02:45:43.716869,5869,S,1849,1962,3811,Qwen3-Next-80B-A3B-Instruct,Estimated from text
2026-01-09T02:45:48.037489,5869,A,5831,752,6583,Qwen3-Next-80B-A3B-Instruct,Estimated from text
2026-01-09T02:45:51.454483,5869,B,3370,630,4000,Qwen3-Next-80B-A3B-Instruct,Estimated from text
2026-01-09T02:46:03.953963,5870,S,1849,2312,4161,Qwen3-Next-80B-A3B-Instruct,Estimated from text
2026-01-09T02:46:08.573729,5870,A,6188,791,6979,Qwen3-Next-80B-A3B-Instruct,Estimated from text
2026-01-09T02:46:11.692019,5870,B,3409,561,3970,Qwen3-Next-80B-A3B-Instruct,Estimated from text
2026-01-09T02:46:20.502140,5872,S,1849,1644,3493,Qwen3-Next-80B-A3B-Instruct,Estimated from text
2026-01-09T02:46:24.118820,5872,A,5509,659,6168,Qwen3-Next-80B-A3B-Instruct,Estimated from text
2026-01-09T02:46:27.437551,5872,B,3275,507,3782,Qwen3-Next-80B-A3B-Instruct,Estimated from text
2026-01-09T02:46:38.216984,5873,S,1849,2118,3967,Qwen3-Next-80B-A3B-Instruct,Estimated from text
2026-01-09T02:46:43.462417,5873,A,5984,771,6755,Qwen3-Next-80B-A3B-Instruct,Estimated from text
2026-01-09T02:46:46.576590,5873,B,3384,450,3834,Qwen3-Next-80B-A3B-Instruct,Estimated from text
2026-01-09T02:46:56.479873,5875,S,1849,1758,3607,Qwen3-Next-80B-A3B-Instruct,Estimated from text
2026-01-09T02:47:01.405404,5875,A,5628,804,6432,Qwen3-Next-80B-A3B-Instruct,Estimated from text
2026-01-09T02:47:45.227261,5876,S,1849,1445,3294,Qwen3-Next-80B-A3B-Instruct,Estimated from text
2026-01-09T02:47:49.448014,5876,A,5308,839,6147,Qwen3-Next-80B-A3B-Instruct,Estimated from text
2026-01-09T02:47:51.960261,5876,B,3455,477,3932,Qwen3-Next-80B-A3B-Instruct,Estimated from text
2026-01-09T02:48:02.850281,5877,S,1849,2085,3934,Qwen3-Next-80B-A3B-Instruct,Estimated from text
2026-01-09T02:48:07.072317,5877,A,5957,623,6580,Qwen3-Next-80B-A3B-Instruct,Estimated from text
2026-01-09T02:48:10.187003,5877,B,3239,551,3790,Qwen3-Next-80B-A3B-Instruct,Estimated from text
2026-01-09T02:48:20.156350,5878,S,1849,1789,3638,Qwen3-Next-80B-A3B-Instruct,Estimated from text
2026-01-09T02:48:23.874190,5878,A,5656,683,6339,Qwen3-Next-80B-A3B-Instruct,Estimated from text
2026-01-09T02:48:27.694672,5878,B,3299,495,3794,Qwen3-Next-80B-A3B-Instruct,Estimated from text
2026-01-09T02:48:37.775777,5879,S,1849,1847,3696,Qwen3-Next-80B-A3B-Instruct,Estimated from text
2026-01-09T02:48:41.794623,5879,A,5714,638,6352,Qwen3-Next-80B-A3B-Instruct,Estimated from text
2026-01-09T02:48:44.613676,5879,B,3254,380,3634,Qwen3-Next-80B-A3B-Instruct,Estimated from text
2026-01-09T02:48:57.314073,5880,S,1849,2339,4188,Qwen3-Next-80B-A3B-Instruct,Estimated from text
2026-01-09T02:49:01.534487,5880,A,6214,740,6954,Qwen3-Next-80B-A3B-Instruct,Estimated from text
2026-01-09T02:49:06.761722,5880,B,3356,909,4265,Qwen3-Next-80B-A3B-Instruct,Estimated from text
2026-01-09T02:49:16.036685,5881,S,1849,1725,3574,Qwen3-Next-80B-A3B-Instruct,Estimated from text
2026-01-09T02:49:21.769015,5881,A,5588,1100,6688,Qwen3-Next-80B-A3B-Instruct,Estimated from text
2026-01-09T02:49:25.487898,5881,B,3712,627,4339,Qwen3-Next-80B-A3B-Instruct,Estimated from text
2026-01-09T02:49:37.781433,5882,S,1849,2075,3924,Qwen3-Next-80B-A3B-Instruct,Estimated from text
2026-01-09T02:49:42.603865,5882,A,5945,804,6749,Qwen3-Next-80B-A3B-Instruct,Estimated from text
2026-01-09T02:49:45.518132,5882,B,3416,473,3889,Qwen3-Next-80B-A3B-Instruct,Estimated from text
2026-01-09T02:49:55.392520,5883,S,1849,1692,3541,Qwen3-Next-80B-A3B-Instruct,Estimated from text
2026-01-09T02:49:59.617106,5883,A,5556,712,6268,Qwen3-Next-80B-A3B-Instruct,Estimated from text
2026-01-09T02:50:02.434634,5883,B,3324,491,3815,Qwen3-Next-80B-A3B-Instruct,Estimated from text
2026-01-09T02:50:15.539617,5884,S,1849,2315,4164,Qwen3-Next-80B-A3B-Instruct,Estimated from text
2026-01-09T02:50:21.674743,5884,A,6184,1281,7465,Qwen3-Next-80B-A3B-Instruct,Estimated from text
2026-01-09T02:50:25.794619,5884,B,3894,627,4521,Qwen3-Next-80B-A3B-Instruct,Estimated from text
2026-01-09T02:50:34.823077,5887,S,1849,1707,3556,Qwen3-Next-80B-A3B-Instruct,Estimated from text
2026-01-09T02:50:38.143301,5887,A,5576,642,6218,Qwen3-Next-80B-A3B-Instruct,Estimated from text
2026-01-09T02:50:40.957594,5887,B,3261,546,3807,Qwen3-Next-80B-A3B-Instruct,Estimated from text
2026-01-09T02:50:48.914522,5888,S,1849,1530,3379,Qwen3-Next-80B-A3B-Instruct,Estimated from text
2026-01-09T02:50:52.832506,5888,A,5397,730,6127,Qwen3-Next-80B-A3B-Instruct,Estimated from text
2026-01-09T02:50:56.249725,5888,B,3349,538,3887,Qwen3-Next-80B-A3B-Instruct,Estimated from text
2026-01-09T02:51:06.132338,5889,S,1849,1764,3613,Qwen3-Next-80B-A3B-Instruct,Estimated from text
2026-01-09T02:51:09.455769,5889,A,5634,508,6142,Qwen3-Next-80B-A3B-Instruct,Estimated from text
2026-01-09T02:51:54.010128,5890,S,1849,2043,3892,Qwen3-Next-80B-A3B-Instruct,Estimated from text
2026-01-09T02:51:58.330913,5890,A,5915,811,6726,Qwen3-Next-80B-A3B-Instruct,Estimated from text
2026-01-09T02:52:01.246294,5890,B,3428,501,3929,Qwen3-Next-80B-A3B-Instruct,Estimated from text
2026-01-09T02:52:12.560221,5892,S,1849,2103,3952,Qwen3-Next-80B-A3B-Instruct,Estimated from text
2026-01-09T02:52:16.176830,5892,A,5981,706,6687,Qwen3-Next-80B-A3B-Instruct,Estimated from text
2026-01-09T02:52:19.092246,5892,B,3327,420,3747,Qwen3-Next-80B-A3B-Instruct,Estimated from text
2026-01-09T02:52:29.383203,5893,S,1849,1668,3517,Qwen3-Next-80B-A3B-Instruct,Estimated from text
2026-01-09T02:52:33.612056,5893,A,5537,652,6189,Qwen3-Next-80B-A3B-Instruct,Estimated from text
2026-01-09T02:52:36.627162,5893,B,3269,459,3728,Qwen3-Next-80B-A3B-Instruct,Estimated from text
2026-01-09T02:52:47.420029,5894,S,1849,1892,3741,Qwen3-Next-80B-A3B-Instruct,Estimated from text
2026-01-09T02:52:51.838965,5894,A,5762,651,6413,Qwen3-Next-80B-A3B-Instruct,Estimated from text
2026-01-09T02:52:54.751047,5894,B,3267,426,3693,Qwen3-Next-80B-A3B-Instruct,Estimated from text
2026-01-09T02:53:04.613555,5895,S,1849,1959,3808,Qwen3-Next-80B-A3B-Instruct,Estimated from text
2026-01-09T02:53:09.838137,5895,A,5829,859,6688,Qwen3-Next-80B-A3B-Instruct,Estimated from text
2026-01-09T02:53:13.356117,5895,B,3476,519,3995,Qwen3-Next-80B-A3B-Instruct,Estimated from text
2026-01-09T02:53:23.434444,5896,S,1849,1825,3674,Qwen3-Next-80B-A3B-Instruct,Estimated from text
2026-01-09T02:53:27.254000,5896,A,5697,643,6340,Qwen3-Next-80B-A3B-Instruct,Estimated from text
2026-01-09T02:53:30.572079,5896,B,3260,586,3846,Qwen3-Next-80B-A3B-Instruct,Estimated from text
2026-01-09T02:53:40.687718,5898,S,1849,1730,3579,Qwen3-Next-80B-A3B-Instruct,Estimated from text
2026-01-09T02:53:45.015542,5898,A,5605,742,6347,Qwen3-Next-80B-A3B-Instruct,Estimated from text
2026-01-09T02:53:48.835966,5898,B,3364,675,4039,Qwen3-Next-80B-A3B-Instruct,Estimated from text
2026-01-09T02:53:59.623382,5899,S,1849,2030,3879,Qwen3-Next-80B-A3B-Instruct,Estimated from text
2026-01-09T02:54:04.848549,5899,A,5901,698,6599,Qwen3-Next-80B-A3B-Instruct,Estimated from text
2026-01-09T02:54:08.566201,5899,B,3316,520,3836,Qwen3-Next-80B-A3B-Instruct,Estimated from text
2026-01-09T02:54:20.674199,5901,S,1849,2397,4246,Qwen3-Next-80B-A3B-Instruct,Estimated from text
2026-01-09T02:54:24.297487,5901,A,6280,729,7009,Qwen3-Next-80B-A3B-Instruct,Estimated from text
2026-01-09T02:54:27.313118,5901,B,3351,623,3974,Qwen3-Next-80B-A3B-Instruct,Estimated from text
2026-01-09T02:54:37.488212,5902,S,1849,1907,3756,Qwen3-Next-80B-A3B-Instruct,Estimated from text
2026-01-09T02:54:41.407801,5902,A,5781,701,6482,Qwen3-Next-80B-A3B-Instruct,Estimated from text
2026-01-09T02:54:44.524434,5902,B,3323,486,3809,Qwen3-Next-80B-A3B-Instruct,Estimated from text
2026-01-09T02:54:54.915472,5903,S,1849,1866,3715,Qwen3-Next-80B-A3B-Instruct,Estimated from text
2026-01-09T02:55:00.544292,5903,A,5742,843,6585,Qwen3-Next-80B-A3B-Instruct,Estimated from text
2026-01-09T02:55:03.962786,5903,B,3465,483,3948,Qwen3-Next-80B-A3B-Instruct,Estimated from text
2026-01-09T02:55:16.772385,5905,S,1849,2166,4015,Qwen3-Next-80B-A3B-Instruct,Estimated from text
2026-01-09T02:55:20.292926,5905,A,6047,577,6624,Qwen3-Next-80B-A3B-Instruct,Estimated from text
2026-01-09T02:55:23.607945,5905,B,3197,549,3746,Qwen3-Next-80B-A3B-Instruct,Estimated from text
2026-01-09T02:55:34.491113,5906,S,1849,2067,3916,Qwen3-Next-80B-A3B-Instruct,Estimated from text
2026-01-09T02:55:40.119562,5906,A,5940,891,6831,Qwen3-Next-80B-A3B-Instruct,Estimated from text
2026-01-09T02:55:43.636808,5906,B,3511,457,3968,Qwen3-Next-80B-A3B-Instruct,Estimated from text
2026-01-09T02:55:55.735163,5907,S,1849,2001,3850,Qwen3-Next-80B-A3B-Instruct,Estimated from text
2026-01-09T02:56:00.760085,5907,A,5876,887,6763,Qwen3-Next-80B-A3B-Instruct,Estimated from text
2026-01-09T02:56:03.573689,5907,B,3507,444,3951,Qwen3-Next-80B-A3B-Instruct,Estimated from text
2026-01-09T02:56:13.453204,5908,S,1849,1953,3802,Qwen3-Next-80B-A3B-Instruct,Estimated from text
2026-01-09T02:56:17.779937,5908,A,5825,642,6467,Qwen3-Next-80B-A3B-Instruct,Estimated from text
2026-01-09T02:56:20.597253,5908,B,3262,448,3710,Qwen3-Next-80B-A3B-Instruct,Estimated from text
2026-01-09T02:56:31.077963,5909,S,1849,2079,3928,Qwen3-Next-80B-A3B-Instruct,Estimated from text
2026-01-09T02:56:34.898409,5909,A,5954,564,6518,Qwen3-Next-80B-A3B-Instruct,Estimated from text
2026-01-09T02:56:38.017565,5909,B,3183,519,3702,Qwen3-Next-80B-A3B-Instruct,Estimated from text
2026-01-09T02:56:49.004649,5910,S,1849,2013,3862,Qwen3-Next-80B-A3B-Instruct,Estimated from text
2026-01-09T02:56:53.228198,5910,A,5887,655,6542,Qwen3-Next-80B-A3B-Instruct,Estimated from text
2026-01-09T02:56:56.143999,5910,B,3275,522,3797,Qwen3-Next-80B-A3B-Instruct,Estimated from text
2026-01-09T02:57:06.239906,5912,S,1849,1898,3747,Qwen3-Next-80B-A3B-Instruct,Estimated from text
2026-01-09T02:57:10.159608,5912,A,5774,673,6447,Qwen3-Next-80B-A3B-Instruct,Estimated from text
2026-01-09T02:57:13.373925,5912,B,3295,495,3790,Qwen3-Next-80B-A3B-Instruct,Estimated from text
2026-01-09T02:57:25.260956,5913,S,1849,2076,3925,Qwen3-Next-80B-A3B-Instruct,Estimated from text
2026-01-09T02:57:29.587314,5913,A,5950,604,6554,Qwen3-Next-80B-A3B-Instruct,Estimated from text
2026-01-09T02:57:32.601124,5913,B,3221,485,3706,Qwen3-Next-80B-A3B-Instruct,Estimated from text
2026-01-09T02:57:41.097690,5915,S,1849,1485,3334,Qwen3-Next-80B-A3B-Instruct,Estimated from text
2026-01-09T02:57:45.618007,5915,A,5358,885,6243,Qwen3-Next-80B-A3B-Instruct,Estimated from text
2026-01-09T02:57:48.633466,5915,B,3507,489,3996,Qwen3-Next-80B-A3B-Instruct,Estimated from text
2026-01-09T02:57:59.028898,5916,S,1849,1934,3783,Qwen3-Next-80B-A3B-Instruct,Estimated from text
2026-01-09T02:58:03.249837,5916,A,5812,738,6550,Qwen3-Next-80B-A3B-Instruct,Estimated from text
2026-01-09T02:58:06.666381,5916,B,3360,622,3982,Qwen3-Next-80B-A3B-Instruct,Estimated from text
2026-01-09T02:58:16.539171,5917,S,1849,1934,3783,Qwen3-Next-80B-A3B-Instruct,Estimated from text
2026-01-09T02:58:21.362185,5917,A,5811,879,6690,Qwen3-Next-80B-A3B-Instruct,Estimated from text
2026-01-09T02:58:26.486043,5917,B,3501,869,4370,Qwen3-Next-80B-A3B-Instruct,Estimated from text
2026-01-09T02:58:37.572970,5918,S,1849,2050,3899,Qwen3-Next-80B-A3B-Instruct,Estimated from text
2026-01-09T02:58:41.690835,5918,A,5922,822,6744,Qwen3-Next-80B-A3B-Instruct,Estimated from text
2026-01-09T02:58:44.607693,5918,B,3440,573,4013,Qwen3-Next-80B-A3B-Instruct,Estimated from text
2026-01-09T02:58:54.107664,5920,S,1849,1722,3571,Qwen3-Next-80B-A3B-Instruct,Estimated from text
2026-01-09T02:58:58.025665,5920,A,5598,684,6282,Qwen3-Next-80B-A3B-Instruct,Estimated from text
2026-01-09T02:59:01.044988,5920,B,3306,552,3858,Qwen3-Next-80B-A3B-Instruct,Estimated from text
2026-01-09T02:59:10.314418,5921,S,1849,1809,3658,Qwen3-Next-80B-A3B-Instruct,Estimated from text
2026-01-09T02:59:14.130689,5921,A,5685,640,6325,Qwen3-Next-80B-A3B-Instruct,Estimated from text
2026-01-09T02:59:17.250290,5921,B,3262,438,3700,Qwen3-Next-80B-A3B-Instruct,Estimated from text
2026-01-09T02:59:26.919857,5922,S,1849,1740,3589,Qwen3-Next-80B-A3B-Instruct,Estimated from text
2026-01-09T02:59:31.341158,5922,A,5611,734,6345,Qwen3-Next-80B-A3B-Instruct,Estimated from text
2026-01-09T02:59:34.461427,5922,B,3352,549,3901,Qwen3-Next-80B-A3B-Instruct,Estimated from text
2026-01-09T02:59:41.531117,5923,S,1849,1305,3154,Qwen3-Next-80B-A3B-Instruct,Estimated from text
2026-01-09T02:59:44.945005,5923,A,5170,503,5673,Qwen3-Next-80B-A3B-Instruct,Estimated from text
2026-01-09T02:59:47.671186,5923,B,3121,438,3559,Qwen3-Next-80B-A3B-Instruct,Estimated from text
2026-01-09T02:59:57.644428,5924,S,1849,1947,3796,Qwen3-Next-80B-A3B-Instruct,Estimated from text
2026-01-09T03:00:01.767259,5924,A,5817,705,6522,Qwen3-Next-80B-A3B-Instruct,Estimated from text
2026-01-09T03:00:04.785415,5924,B,3323,456,3779,Qwen3-Next-80B-A3B-Instruct,Estimated from text
2026-01-09T03:00:13.651891,5925,S,1849,1659,3508,Qwen3-Next-80B-A3B-Instruct,Estimated from text
2026-01-09T03:00:17.573014,5925,A,5526,610,6136,Qwen3-Next-80B-A3B-Instruct,Estimated from text
2026-01-09T03:00:20.392044,5925,B,3228,471,3699,Qwen3-Next-80B-A3B-Instruct,Estimated from text
2026-01-09T03:00:32.011035,5927,S,1849,2465,4314,Qwen3-Next-80B-A3B-Instruct,Estimated from text
2026-01-09T03:00:37.033575,5927,A,6349,910,7259,Qwen3-Next-80B-A3B-Instruct,Estimated from text
2026-01-09T03:00:40.750648,5927,B,3537,502,4039,Qwen3-Next-80B-A3B-Instruct,Estimated from text
2026-01-09T03:00:52.439088,5928,S,1849,2247,4096,Qwen3-Next-80B-A3B-Instruct,Estimated from text
2026-01-09T03:00:57.560996,5928,A,6126,848,6974,Qwen3-Next-80B-A3B-Instruct,Estimated from text
2026-01-09T03:01:01.083126,5928,B,3472,515,3987,Qwen3-Next-80B-A3B-Instruct,Estimated from text
2026-01-09T03:01:10.853266,5929,S,1849,1835,3684,Qwen3-Next-80B-A3B-Instruct,Estimated from text
2026-01-09T03:01:15.174175,5929,A,5712,769,6481,Qwen3-Next-80B-A3B-Instruct,Estimated from text
2026-01-09T03:01:18.894994,5929,B,3393,579,3972,Qwen3-Next-80B-A3B-Instruct,Estimated from text
2026-01-09T03:01:27.497400,5931,S,1849,1617,3466,Qwen3-Next-80B-A3B-Instruct,Estimated from text
2026-01-09T03:01:31.624067,5931,A,5493,689,6182,Qwen3-Next-80B-A3B-Instruct,Estimated from text
2026-01-09T03:01:34.441192,5931,B,3313,451,3764,Qwen3-Next-80B-A3B-Instruct,Estimated from text
2026-01-09T03:01:43.116319,5932,S,1849,1639,3488,Qwen3-Next-80B-A3B-Instruct,Estimated from text
2026-01-09T03:01:47.335939,5932,A,5514,726,6240,Qwen3-Next-80B-A3B-Instruct,Estimated from text
2026-01-09T03:01:50.651455,5932,B,3351,481,3832,Qwen3-Next-80B-A3B-Instruct,Estimated from text
2026-01-09T03:02:00.230016,5933,S,1849,1853,3702,Qwen3-Next-80B-A3B-Instruct,Estimated from text
2026-01-09T03:02:04.247488,5933,A,5730,569,6299,Qwen3-Next-80B-A3B-Instruct,Estimated from text
2026-01-09T03:02:06.861729,5933,B,3193,399,3592,Qwen3-Next-80B-A3B-Instruct,Estimated from text
2026-01-09T03:02:16.143194,5934,S,1849,1749,3598,Qwen3-Next-80B-A3B-Instruct,Estimated from text
2026-01-09T03:02:21.872071,5934,A,5624,1062,6686,Qwen3-Next-80B-A3B-Instruct,Estimated from text
2026-01-09T03:02:25.590732,5934,B,3687,561,4248,Qwen3-Next-80B-A3B-Instruct,Estimated from text
2026-01-09T03:02:36.173598,5935,S,1849,2165,4014,Qwen3-Next-80B-A3B-Instruct,Estimated from text
2026-01-09T03:02:41.000678,5935,A,6044,843,6887,Qwen3-Next-80B-A3B-Instruct,Estimated from text
2026-01-09T03:02:43.815671,5935,B,3467,481,3948,Qwen3-Next-80B-A3B-Instruct,Estimated from text
2026-01-09T03:02:52.882888,5936,S,1849,1796,3645,Qwen3-Next-80B-A3B-Instruct,Estimated from text
2026-01-09T03:02:57.311230,5936,A,5672,704,6376,Qwen3-Next-80B-A3B-Instruct,Estimated from text
2026-01-09T03:03:00.229077,5936,B,3328,466,3794,Qwen3-Next-80B-A3B-Instruct,Estimated from text
2026-01-09T03:03:10.517246,5937,S,1849,2152,4001,Qwen3-Next-80B-A3B-Instruct,Estimated from text
2026-01-09T03:03:15.239662,5937,A,6030,802,6832,Qwen3-Next-80B-A3B-Instruct,Estimated from text
2026-01-09T03:03:17.753716,5937,B,3426,348,3774,Qwen3-Next-80B-A3B-Instruct,Estimated from text
2026-01-09T03:03:28.127181,5938,S,1849,1977,3826,Qwen3-Next-80B-A3B-Instruct,Estimated from text
2026-01-09T03:03:32.848997,5938,A,5853,837,6690,Qwen3-Next-80B-A3B-Instruct,Estimated from text
2026-01-09T03:03:36.063336,5938,B,3461,555,4016,Qwen3-Next-80B-A3B-Instruct,Estimated from text
2026-01-09T03:03:46.278898,5940,S,1849,1940,3789,Qwen3-Next-80B-A3B-Instruct,Estimated from text
2026-01-09T03:03:51.708787,5940,A,5814,1064,6878,Qwen3-Next-80B-A3B-Instruct,Estimated from text
2026-01-09T03:03:54.724330,5940,B,3686,476,4162,Qwen3-Next-80B-A3B-Instruct,Estimated from text
2026-01-09T03:04:05.427552,5941,S,1849,1784,3633,Qwen3-Next-80B-A3B-Instruct,Estimated from text
2026-01-09T03:04:09.864247,5941,A,5655,842,6497,Qwen3-Next-80B-A3B-Instruct,Estimated from text
2026-01-09T03:04:13.081482,5941,B,3460,634,4094,Qwen3-Next-80B-A3B-Instruct,Estimated from text
2026-01-09T03:04:24.462517,5942,S,1849,2325,4174,Qwen3-Next-80B-A3B-Instruct,Estimated from text
2026-01-09T03:04:28.886573,5942,A,6201,849,7050,Qwen3-Next-80B-A3B-Instruct,Estimated from text
2026-01-09T03:04:32.706298,5942,B,3468,768,4236,Qwen3-Next-80B-A3B-Instruct,Estimated from text
2026-01-09T03:04:42.812065,5944,S,1849,1624,3473,Qwen3-Next-80B-A3B-Instruct,Estimated from text
2026-01-09T03:04:47.131872,5944,A,5496,770,6266,Qwen3-Next-80B-A3B-Instruct,Estimated from text
2026-01-09T03:04:50.446622,5944,B,3390,537,3927,Qwen3-Next-80B-A3B-Instruct,Estimated from text
2026-01-09T03:05:00.324393,5945,S,1849,1834,3683,Qwen3-Next-80B-A3B-Instruct,Estimated from text
2026-01-09T03:05:05.950292,5945,A,5700,1039,6739,Qwen3-Next-80B-A3B-Instruct,Estimated from text
2026-01-09T03:05:09.770575,5945,B,3654,660,4314,Qwen3-Next-80B-A3B-Instruct,Estimated from text
2026-01-09T03:05:20.758068,5946,S,1849,2037,3886,Qwen3-Next-80B-A3B-Instruct,Estimated from text
2026-01-09T03:05:26.986184,5946,A,5908,1153,7061,Qwen3-Next-80B-A3B-Instruct,Estimated from text
2026-01-09T03:05:30.707159,5946,B,3768,750,4518,Qwen3-Next-80B-A3B-Instruct,Estimated from text
2026-01-09T03:05:43.048187,5948,S,1849,2445,4294,Qwen3-Next-80B-A3B-Instruct,Estimated from text
2026-01-09T03:05:47.268021,5948,A,6319,742,7061,Qwen3-Next-80B-A3B-Instruct,Estimated from text
2026-01-09T03:05:50.683758,5948,B,3357,534,3891,Qwen3-Next-80B-A3B-Instruct,Estimated from text
2026-01-09T03:05:59.979966,5949,S,1849,1839,3688,Qwen3-Next-80B-A3B-Instruct,Estimated from text
2026-01-09T03:06:05.305233,5949,A,5703,924,6627,Qwen3-Next-80B-A3B-Instruct,Estimated from text
2026-01-09T03:06:08.523855,5949,B,3538,546,4084,Qwen3-Next-80B-A3B-Instruct,Estimated from text
2026-01-09T03:06:18.316531,5950,S,1849,1857,3706,Qwen3-Next-80B-A3B-Instruct,Estimated from text
2026-01-09T03:06:22.746771,5950,A,5722,761,6483,Qwen3-Next-80B-A3B-Instruct,Estimated from text
2026-01-09T03:06:25.960975,5950,B,3375,519,3894,Qwen3-Next-80B-A3B-Instruct,Estimated from text
2026-01-09T03:06:35.027850,5951,S,1849,1778,3627,Qwen3-Next-80B-A3B-Instruct,Estimated from text
2026-01-09T03:06:39.747318,5951,A,5643,780,6423,Qwen3-Next-80B-A3B-Instruct,Estimated from text
2026-01-09T03:06:43.168905,5951,B,3393,573,3966,Qwen3-Next-80B-A3B-Instruct,Estimated from text
2026-01-09T03:06:52.935393,5952,S,1849,1775,3624,Qwen3-Next-80B-A3B-Instruct,Estimated from text
2026-01-09T03:06:58.361506,5952,A,5639,956,6595,Qwen3-Next-80B-A3B-Instruct,Estimated from text
2026-01-09T03:07:01.276466,5952,B,3570,457,4027,Qwen3-Next-80B-A3B-Instruct,Estimated from text
2026-01-09T03:07:11.657257,5953,S,1849,1991,3840,Qwen3-Next-80B-A3B-Instruct,Estimated from text
2026-01-09T03:07:15.272205,5953,A,5858,699,6557,Qwen3-Next-80B-A3B-Instruct,Estimated from text
2026-01-09T03:07:18.391454,5953,B,3312,507,3819,Qwen3-Next-80B-A3B-Instruct,Estimated from text
2026-01-09T03:07:31.682434,5954,S,1849,2529,4378,Qwen3-Next-80B-A3B-Instruct,Estimated from text
2026-01-09T03:07:36.611709,5954,A,6402,770,7172,Qwen3-Next-80B-A3B-Instruct,Estimated from text
2026-01-09T03:07:39.326851,5954,B,3384,442,3826,Qwen3-Next-80B-A3B-Instruct,Estimated from text
2026-01-09T03:07:48.491828,5955,S,1849,1746,3595,Qwen3-Next-80B-A3B-Instruct,Estimated from text
2026-01-09T03:07:53.113459,5955,A,5609,877,6486,Qwen3-Next-80B-A3B-Instruct,Estimated from text
2026-01-09T03:07:56.035082,5955,B,3491,441,3932,Qwen3-Next-80B-A3B-Instruct,Estimated from text
2026-01-09T03:08:06.527831,5956,S,1849,2127,3976,Qwen3-Next-80B-A3B-Instruct,Estimated from text
2026-01-09T03:08:11.058959,5956,A,5996,815,6811,Qwen3-Next-80B-A3B-Instruct,Estimated from text
2026-01-09T03:08:14.178820,5956,B,3429,485,3914,Qwen3-Next-80B-A3B-Instruct,Estimated from text
2026-01-09T03:08:22.333184,5957,S,1849,1475,3324,Qwen3-Next-80B-A3B-Instruct,Estimated from text
2026-01-09T03:08:28.261648,5957,A,5334,911,6245,Qwen3-Next-80B-A3B-Instruct,Estimated from text
2026-01-09T03:09:14.408751,5958,S,1849,1715,3564,Qwen3-Next-80B-A3B-Instruct,Estimated from text
2026-01-09T03:09:19.542931,5958,A,5578,891,6469,Qwen3-Next-80B-A3B-Instruct,Estimated from text
2026-01-09T03:09:22.762865,5958,B,3504,492,3996,Qwen3-Next-80B-A3B-Instruct,Estimated from text
2026-01-09T03:09:34.438305,5959,S,1849,2121,3970,Qwen3-Next-80B-A3B-Instruct,Estimated from text
2026-01-09T03:09:39.461135,5959,A,5991,894,6885,Qwen3-Next-80B-A3B-Instruct,Estimated from text
2026-01-09T03:09:42.579868,5959,B,3507,564,4071,Qwen3-Next-80B-A3B-Instruct,Estimated from text
2026-01-09T03:09:56.320004,5961,S,1849,2661,4510,Qwen3-Next-80B-A3B-Instruct,Estimated from text
2026-01-09T03:10:00.336915,5961,A,6537,690,7227,Qwen3-Next-80B-A3B-Instruct,Estimated from text
2026-01-09T03:10:03.854331,5961,B,3304,645,3949,Qwen3-Next-80B-A3B-Instruct,Estimated from text
2026-01-09T03:10:12.835542,5962,S,1849,1689,3538,Qwen3-Next-80B-A3B-Instruct,Estimated from text
2026-01-09T03:10:17.154670,5962,A,5554,802,6356,Qwen3-Next-80B-A3B-Instruct,Estimated from text
2026-01-09T03:10:22.881165,5962,B,3417,1033,4450,Qwen3-Next-80B-A3B-Instruct,Estimated from text
2026-01-09T03:10:33.248668,5963,S,1849,1836,3685,Qwen3-Next-80B-A3B-Instruct,Estimated from text
2026-01-09T03:10:36.970362,5963,A,5701,668,6369,Qwen3-Next-80B-A3B-Instruct,Estimated from text
2026-01-09T03:10:39.584214,5963,B,3282,380,3662,Qwen3-Next-80B-A3B-Instruct,Estimated from text
2026-01-09T03:10:50.052986,5964,S,1849,2022,3871,Qwen3-Next-80B-A3B-Instruct,Estimated from text
2026-01-09T03:10:58.486481,5964,A,5889,1873,7762,Qwen3-Next-80B-A3B-Instruct,Estimated from text
2026-01-09T03:11:06.921555,5964,B,4487,1460,5947,Qwen3-Next-80B-A3B-Instruct,Estimated from text
2026-01-09T03:11:16.623440,5966,S,1849,1831,3680,Qwen3-Next-80B-A3B-Instruct,Estimated from text
2026-01-09T03:11:23.266438,5966,A,5692,1397,7089,Qwen3-Next-80B-A3B-Instruct,Estimated from text
2026-01-09T03:11:27.587416,5966,B,4006,851,4857,Qwen3-Next-80B-A3B-Instruct,Estimated from text
2026-01-09T03:11:36.877228,5968,S,1849,1781,3630,Qwen3-Next-80B-A3B-Instruct,Estimated from text
2026-01-09T03:11:42.603137,5968,A,5643,1055,6698,Qwen3-Next-80B-A3B-Instruct,Estimated from text
2026-01-09T03:11:46.525153,5968,B,3668,813,4481,Qwen3-Next-80B-A3B-Instruct,Estimated from text
2026-01-09T03:11:58.430556,5969,S,1849,2163,4012,Qwen3-Next-80B-A3B-Instruct,Estimated from text
2026-01-09T03:12:03.155637,5969,A,6033,833,6866,Qwen3-Next-80B-A3B-Instruct,Estimated from text
2026-01-09T03:12:06.471453,5969,B,3446,543,3989,Qwen3-Next-80B-A3B-Instruct,Estimated from text
2026-01-09T03:12:16.937932,5970,S,1849,1954,3803,Qwen3-Next-80B-A3B-Instruct,Estimated from text
2026-01-09T03:12:21.058144,5970,A,5817,612,6429,Qwen3-Next-80B-A3B-Instruct,Estimated from text
2026-01-09T03:12:24.475718,5970,B,3220,506,3726,Qwen3-Next-80B-A3B-Instruct,Estimated from text
2026-01-09T03:12:35.172077,5971,S,1849,1859,3708,Qwen3-Next-80B-A3B-Instruct,Estimated from text
2026-01-09T03:12:39.793194,5971,A,5720,790,6510,Qwen3-Next-80B-A3B-Instruct,Estimated from text
2026-01-09T03:12:43.211648,5971,B,3398,561,3959,Qwen3-Next-80B-A3B-Instruct,Estimated from text
2026-01-09T03:12:53.190853,5972,S,1849,1845,3694,Qwen3-Next-80B-A3B-Instruct,Estimated from text
2026-01-09T03:12:57.512279,5972,A,5706,723,6429,Qwen3-Next-80B-A3B-Instruct,Estimated from text
2026-01-09T03:13:00.934612,5972,B,3331,534,3865,Qwen3-Next-80B-A3B-Instruct,Estimated from text
2026-01-09T03:13:11.412310,5973,S,1849,1945,3794,Qwen3-Next-80B-A3B-Instruct,Estimated from text
2026-01-09T03:13:15.849487,5973,A,5804,794,6598,Qwen3-Next-80B-A3B-Instruct,Estimated from text
2026-01-09T03:13:18.874649,5973,B,3402,489,3891,Qwen3-Next-80B-A3B-Instruct,Estimated from text
2026-01-09T03:13:29.787951,5975,S,1849,1904,3753,Qwen3-Next-80B-A3B-Instruct,Estimated from text
2026-01-09T03:13:34.312417,5975,A,5768,818,6586,Qwen3-Next-80B-A3B-Instruct,Estimated from text
2026-01-09T03:13:38.127958,5975,B,3427,641,4068,Qwen3-Next-80B-A3B-Instruct,Estimated from text
2026-01-09T03:13:51.619475,5976,S,1849,2681,4530,Qwen3-Next-80B-A3B-Instruct,Estimated from text
2026-01-09T03:13:56.444604,5976,A,6553,816,7369,Qwen3-Next-80B-A3B-Instruct,Estimated from text
2026-01-09T03:13:59.659454,5976,B,3425,469,3894,Qwen3-Next-80B-A3B-Instruct,Estimated from text
2026-01-09T03:14:08.726122,5977,S,1849,1624,3473,Qwen3-Next-80B-A3B-Instruct,Estimated from text
2026-01-09T03:14:13.247080,5977,A,5483,856,6339,Qwen3-Next-80B-A3B-Instruct,Estimated from text
2026-01-09T03:14:16.463763,5977,B,3465,543,4008,Qwen3-Next-80B-A3B-Instruct,Estimated from text
2026-01-09T03:14:27.643785,5978,S,1849,2236,4085,Qwen3-Next-80B-A3B-Instruct,Estimated from text
2026-01-09T03:14:31.464882,5978,A,6099,657,6756,Qwen3-Next-80B-A3B-Instruct,Estimated from text
2026-01-09T03:14:34.580070,5978,B,3267,459,3726,Qwen3-Next-80B-A3B-Instruct,Estimated from text
2026-01-09T03:14:43.973838,5979,S,1849,1597,3446,Qwen3-Next-80B-A3B-Instruct,Estimated from text
2026-01-09T03:14:47.690293,5979,A,5454,627,6081,Qwen3-Next-80B-A3B-Instruct,Estimated from text
2026-01-09T03:14:50.806459,5979,B,3236,501,3737,Qwen3-Next-80B-A3B-Instruct,Estimated from text
2026-01-09T03:15:00.901680,5981,S,1849,1971,3820,Qwen3-Next-80B-A3B-Instruct,Estimated from text
2026-01-09T03:15:05.522672,5981,A,5837,898,6735,Qwen3-Next-80B-A3B-Instruct,Estimated from text
2026-01-09T03:15:08.434139,5981,B,3513,527,4040,Qwen3-Next-80B-A3B-Instruct,Estimated from text
2026-01-09T03:15:17.513461,5982,S,1849,1794,3643,Qwen3-Next-80B-A3B-Instruct,Estimated from text
2026-01-09T03:15:22.738255,5982,A,5658,993,6651,Qwen3-Next-80B-A3B-Instruct,Estimated from text
2026-01-09T03:15:25.853276,5982,B,3607,647,4254,Qwen3-Next-80B-A3B-Instruct,Estimated from text
2026-01-09T03:15:36.230111,5983,S,1849,1971,3820,Qwen3-Next-80B-A3B-Instruct,Estimated from text
2026-01-09T03:15:40.046037,5983,A,5840,735,6575,Qwen3-Next-80B-A3B-Instruct,Estimated from text
2026-01-09T03:15:43.166281,5983,B,3350,637,3987,Qwen3-Next-80B-A3B-Instruct,Estimated from text
2026-01-09T03:15:54.244701,5984,S,1849,2184,4033,Qwen3-Next-80B-A3B-Instruct,Estimated from text
2026-01-09T03:15:57.559158,5984,A,6057,588,6645,Qwen3-Next-80B-A3B-Instruct,Estimated from text
2026-01-09T03:16:00.372649,5984,B,3202,570,3772,Qwen3-Next-80B-A3B-Instruct,Estimated from text
2026-01-09T03:16:10.556531,5985,S,1849,1988,3837,Qwen3-Next-80B-A3B-Instruct,Estimated from text
2026-01-09T03:16:15.278319,5985,A,5854,872,6726,Qwen3-Next-80B-A3B-Instruct,Estimated from text
2026-01-09T03:16:18.293206,5985,B,3486,540,4026,Qwen3-Next-80B-A3B-Instruct,Estimated from text
2026-01-09T03:16:28.469483,5986,S,1849,2023,3872,Qwen3-Next-80B-A3B-Instruct,Estimated from text
2026-01-09T03:16:31.888694,5986,A,5889,603,6492,Qwen3-Next-80B-A3B-Instruct,Estimated from text
2026-01-09T03:16:36.710791,5986,B,3217,873,4090,Qwen3-Next-80B-A3B-Instruct,Estimated from text
2026-01-09T03:16:46.296556,5987,S,1849,1637,3486,Qwen3-Next-80B-A3B-Instruct,Estimated from text
2026-01-09T03:16:51.019485,5987,A,5499,855,6354,Qwen3-Next-80B-A3B-Instruct,Estimated from text
2026-01-09T03:16:54.735900,5987,B,3464,639,4103,Qwen3-Next-80B-A3B-Instruct,Estimated from text
2026-01-09T03:17:05.863699,5989,S,1849,2220,4069,Qwen3-Next-80B-A3B-Instruct,Estimated from text
2026-01-09T03:17:11.392655,5989,A,6088,1122,7210,Qwen3-Next-80B-A3B-Instruct,Estimated from text
2026-01-09T03:17:15.313665,5989,B,3735,807,4542,Qwen3-Next-80B-A3B-Instruct,Estimated from text
2026-01-09T03:17:25.416260,5991,S,1849,1787,3636,Qwen3-Next-80B-A3B-Instruct,Estimated from text
2026-01-09T03:17:28.931994,5991,A,5652,557,6209,Qwen3-Next-80B-A3B-Instruct,Estimated from text
2026-01-09T03:17:31.947397,5991,B,3171,467,3638,Qwen3-Next-80B-A3B-Instruct,Estimated from text
2026-01-09T03:17:39.705529,5992,S,1849,1386,3235,Qwen3-Next-80B-A3B-Instruct,Estimated from text
2026-01-09T03:17:43.925101,5992,A,5247,739,5986,Qwen3-Next-80B-A3B-Instruct,Estimated from text
2026-01-09T03:17:47.141733,5992,B,3351,460,3811,Qwen3-Next-80B-A3B-Instruct,Estimated from text
2026-01-09T03:17:57.322397,5993,S,1849,1769,3618,Qwen3-Next-80B-A3B-Instruct,Estimated from text
2026-01-09T03:18:02.144350,5993,A,5632,812,6444,Qwen3-Next-80B-A3B-Instruct,Estimated from text
2026-01-09T03:18:05.662147,5993,B,3424,561,3985,Qwen3-Next-80B-A3B-Instruct,Estimated from text
2026-01-09T03:18:15.331400,5994,S,1849,1880,3729,Qwen3-Next-80B-A3B-Instruct,Estimated from text
2026-01-09T03:18:19.752240,5994,A,5744,747,6491,Qwen3-Next-80B-A3B-Instruct,Estimated from text
2026-01-09T03:18:23.168992,5994,B,3359,528,3887,Qwen3-Next-80B-A3B-Instruct,Estimated from text
2026-01-09T03:18:32.239241,5995,S,1849,1833,3682,Qwen3-Next-80B-A3B-Instruct,Estimated from text
2026-01-09T03:18:36.284055,5995,A,5697,540,6237,Qwen3-Next-80B-A3B-Instruct,Estimated from text
2026-01-09T03:18:39.397284,5995,B,3153,471,3624,Qwen3-Next-80B-A3B-Instruct,Estimated from text
2026-01-09T03:18:49.318890,5996,S,1849,1770,3619,Qwen3-Next-80B-A3B-Instruct,Estimated from text
2026-01-09T03:18:53.944136,5996,A,5633,766,6399,Qwen3-Next-80B-A3B-Instruct,Estimated from text
2026-01-09T03:18:57.361288,5996,B,3378,565,3943,Qwen3-Next-80B-A3B-Instruct,Estimated from text
2026-01-09T03:19:07.445775,5997,S,1849,1830,3679,Qwen3-Next-80B-A3B-Instruct,Estimated from text
2026-01-09T03:19:11.664632,5997,A,5694,610,6304,Qwen3-Next-80B-A3B-Instruct,Estimated from text
2026-01-09T03:19:14.679242,5997,B,3222,449,3671,Qwen3-Next-80B-A3B-Instruct,Estimated from text
2026-01-09T03:19:23.359355,5998,S,1849,1581,3430,Qwen3-Next-80B-A3B-Instruct,Estimated from text
2026-01-09T03:19:27.781384,5998,A,5444,744,6188,Qwen3-Next-80B-A3B-Instruct,Estimated from text
2026-01-09T03:19:30.897808,5998,B,3357,619,3976,Qwen3-Next-80B-A3B-Instruct,Estimated from text
2026-01-09T03:19:42.102054,6000,S,1849,2013,3862,Qwen3-Next-80B-A3B-Instruct,Estimated from text
2026-01-09T03:19:46.123110,6000,A,5883,692,6575,Qwen3-Next-80B-A3B-Instruct,Estimated from text
2026-01-09T03:19:48.836910,6000,B,3306,373,3679,Qwen3-Next-80B-A3B-Instruct,Estimated from text
2026-01-09T03:20:00.112259,6001,S,1849,2098,3947,Qwen3-Next-80B-A3B-Instruct,Estimated from text
2026-01-09T03:20:04.131517,6001,A,5964,702,6666,Qwen3-Next-80B-A3B-Instruct,Estimated from text
2026-01-09T03:20:07.145842,6001,B,3312,519,3831,Qwen3-Next-80B-A3B-Instruct,Estimated from text
2026-01-09T03:20:16.518717,6002,S,1849,1845,3694,Qwen3-Next-80B-A3B-Instruct,Estimated from text
2026-01-09T03:20:20.741083,6002,A,5709,768,6477,Qwen3-Next-80B-A3B-Instruct,Estimated from text
2026-01-09T03:20:23.558765,6002,B,3378,417,3795,Qwen3-Next-80B-A3B-Instruct,Estimated from text
2026-01-09T03:20:33.342972,6003,S,1849,1719,3568,Qwen3-Next-80B-A3B-Instruct,Estimated from text
2026-01-09T03:20:36.759101,6003,A,5583,615,6198,Qwen3-Next-80B-A3B-Instruct,Estimated from text
2026-01-09T03:20:39.673842,6003,B,3226,479,3705,Qwen3-Next-80B-A3B-Instruct,Estimated from text
2026-01-09T03:20:50.477930,6004,S,1849,2000,3849,Qwen3-Next-80B-A3B-Instruct,Estimated from text
2026-01-09T03:20:54.599282,6004,A,5862,695,6557,Qwen3-Next-80B-A3B-Instruct,Estimated from text
2026-01-09T03:21:00.022779,6004,B,3306,966,4272,Qwen3-Next-80B-A3B-Instruct,Estimated from text
2026-01-09T03:21:10.213197,6005,S,1849,1938,3787,Qwen3-Next-80B-A3B-Instruct,Estimated from text
2026-01-09T03:21:15.140859,6005,A,5804,897,6701,Qwen3-Next-80B-A3B-Instruct,Estimated from text
2026-01-09T03:21:18.760508,6005,B,3507,602,4109,Qwen3-Next-80B-A3B-Instruct,Estimated from text
2026-01-09T03:21:30.951935,6006,S,1849,2261,4110,Qwen3-Next-80B-A3B-Instruct,Estimated from text
2026-01-09T03:21:36.378738,6006,A,6132,1017,7149,Qwen3-Next-80B-A3B-Instruct,Estimated from text
2026-01-09T03:21:39.797078,6006,B,3628,602,4230,Qwen3-Next-80B-A3B-Instruct,Estimated from text
2026-01-09T03:21:50.099525,6007,S,1849,1833,3682,Qwen3-Next-80B-A3B-Instruct,Estimated from text
2026-01-09T03:21:54.429248,6007,A,5698,804,6502,Qwen3-Next-80B-A3B-Instruct,Estimated from text
2026-01-09T03:21:57.343223,6007,B,3415,508,3923,Qwen3-Next-80B-A3B-Instruct,Estimated from text
2026-01-09T03:22:08.324972,6008,S,1849,1939,3788,Qwen3-Next-80B-A3B-Instruct,Estimated from text
2026-01-09T03:22:13.550629,6008,A,5804,1006,6810,Qwen3-Next-80B-A3B-Instruct,Estimated from text
2026-01-09T03:22:16.768475,6008,B,3617,549,4166,Qwen3-Next-80B-A3B-Instruct,Estimated from text
2026-01-09T03:22:27.467686,6009,S,1849,1934,3783,Qwen3-Next-80B-A3B-Instruct,Estimated from text
2026-01-09T03:22:31.585237,6009,A,5796,687,6483,Qwen3-Next-80B-A3B-Instruct,Estimated from text
2026-01-09T03:22:34.600263,6009,B,3297,488,3785,Qwen3-Next-80B-A3B-Instruct,Estimated from text
2026-01-09T03:22:44.790636,6010,S,1849,2003,3852,Qwen3-Next-80B-A3B-Instruct,Estimated from text
2026-01-09T03:22:49.410521,6010,A,5868,789,6657,Qwen3-Next-80B-A3B-Instruct,Estimated from text
2026-01-09T03:22:52.632439,6010,B,3400,516,3916,Qwen3-Next-80B-A3B-Instruct,Estimated from text
2026-01-09T03:23:01.606008,6011,S,1849,1586,3435,Qwen3-Next-80B-A3B-Instruct,Estimated from text
2026-01-09T03:23:05.825038,6011,A,5446,659,6105,Qwen3-Next-80B-A3B-Instruct,Estimated from text
2026-01-09T03:23:09.141784,6011,B,3270,560,3830,Qwen3-Next-80B-A3B-Instruct,Estimated from text
2026-01-09T03:23:18.721034,6012,S,1849,1776,3625,Qwen3-Next-80B-A3B-Instruct,Estimated from text
2026-01-09T03:23:23.546837,6012,A,5637,885,6522,Qwen3-Next-80B-A3B-Instruct,Estimated from text
2026-01-09T03:23:26.661995,6012,B,3494,461,3955,Qwen3-Next-80B-A3B-Instruct,Estimated from text
2026-01-09T03:23:36.340905,6013,S,1849,1706,3555,Qwen3-Next-80B-A3B-Instruct,Estimated from text
2026-01-09T03:23:40.460873,6013,A,5564,703,6267,Qwen3-Next-80B-A3B-Instruct,Estimated from text
2026-01-09T03:23:43.677906,6013,B,3312,519,3831,Qwen3-Next-80B-A3B-Instruct,Estimated from text
2026-01-09T03:23:52.034394,6014,S,1849,1518,3367,Qwen3-Next-80B-A3B-Instruct,Estimated from text
2026-01-09T03:23:56.452270,6014,A,5376,743,6119,Qwen3-Next-80B-A3B-Instruct,Estimated from text
2026-01-09T03:23:59.667865,6014,B,3352,501,3853,Qwen3-Next-80B-A3B-Instruct,Estimated from text
2026-01-09T03:24:09.344578,6015,S,1849,1853,3702,Qwen3-Next-80B-A3B-Instruct,Estimated from text
2026-01-09T03:24:13.667753,6015,A,5712,744,6456,Qwen3-Next-80B-A3B-Instruct,Estimated from text
2026-01-09T03:24:16.583225,6015,B,3354,464,3818,Qwen3-Next-80B-A3B-Instruct,Estimated from text
2026-01-09T03:24:26.262132,6016,S,1849,1770,3619,Qwen3-Next-80B-A3B-Instruct,Estimated from text
2026-01-09T03:24:30.790533,6016,A,5630,798,6428,Qwen3-Next-80B-A3B-Instruct,Estimated from text
2026-01-09T03:24:33.811652,6016,B,3407,523,3930,Qwen3-Next-80B-A3B-Instruct,Estimated from text
2026-01-09T03:24:44.522798,6018,S,1849,2133,3982,Qwen3-Next-80B-A3B-Instruct,Estimated from text
2026-01-09T03:24:48.846007,6018,A,6004,886,6890,Qwen3-Next-80B-A3B-Instruct,Estimated from text
2026-01-09T03:24:51.558654,6018,B,3502,540,4042,Qwen3-Next-80B-A3B-Instruct,Estimated from text
2026-01-09T03:25:01.338764,6019,S,1849,1749,3598,Qwen3-Next-80B-A3B-Instruct,Estimated from text
2026-01-09T03:25:05.560187,6019,A,5618,714,6332,Qwen3-Next-80B-A3B-Instruct,Estimated from text
2026-01-09T03:25:08.077748,6019,B,3330,388,3718,Qwen3-Next-80B-A3B-Instruct,Estimated from text
2026-01-09T03:25:17.563674,6020,S,1849,1587,3436,Qwen3-Next-80B-A3B-Instruct,Estimated from text
2026-01-09T03:25:21.784222,6020,A,5454,710,6164,Qwen3-Next-80B-A3B-Instruct,Estimated from text
2026-01-09T03:25:24.902607,6020,B,3325,528,3853,Qwen3-Next-80B-A3B-Instruct,Estimated from text
2026-01-09T03:25:34.725609,6021,S,1849,1755,3604,Qwen3-Next-80B-A3B-Instruct,Estimated from text
2026-01-09T03:25:39.848498,6021,A,5622,975,6597,Qwen3-Next-80B-A3B-Instruct,Estimated from text
2026-01-09T03:25:43.164979,6021,B,3591,507,4098,Qwen3-Next-80B-A3B-Instruct,Estimated from text
2026-01-09T03:25:52.150126,6022,S,1849,1561,3410,Qwen3-Next-80B-A3B-Instruct,Estimated from text
2026-01-09T03:25:56.773946,6022,A,5427,801,6228,Qwen3-Next-80B-A3B-Instruct,Estimated from text
2026-01-09T03:25:59.688240,6022,B,3417,464,3881,Qwen3-Next-80B-A3B-Instruct,Estimated from text
2026-01-09T03:26:11.596103,6024,S,1849,2070,3919,Qwen3-Next-80B-A3B-Instruct,Estimated from text
2026-01-09T03:26:15.113108,6024,A,5947,601,6548,Qwen3-Next-80B-A3B-Instruct,Estimated from text
2026-01-09T03:26:17.928272,6024,B,3223,436,3659,Qwen3-Next-80B-A3B-Instruct,Estimated from text
2026-01-09T03:26:29.603963,6025,S,1849,2184,4033,Qwen3-Next-80B-A3B-Instruct,Estimated from text
2026-01-09T03:26:34.423370,6025,A,6057,847,6904,Qwen3-Next-80B-A3B-Instruct,Estimated from text
2026-01-09T03:26:37.245420,6025,B,3464,432,3896,Qwen3-Next-80B-A3B-Instruct,Estimated from text
2026-01-09T03:26:48.329617,6026,S,1849,2179,4028,Qwen3-Next-80B-A3B-Instruct,Estimated from text
2026-01-09T03:26:53.153986,6026,A,6049,950,6999,Qwen3-Next-80B-A3B-Instruct,Estimated from text
2026-01-09T03:26:55.968323,6026,B,3567,474,4041,Qwen3-Next-80B-A3B-Instruct,Estimated from text
2026-01-09T03:27:06.480366,6028,S,1849,1950,3799,Qwen3-Next-80B-A3B-Instruct,Estimated from text
2026-01-09T03:27:10.498335,6028,A,5824,879,6703,Qwen3-Next-80B-A3B-Instruct,Estimated from text
2026-01-09T03:27:13.711686,6028,B,3501,602,4103,Qwen3-Next-80B-A3B-Instruct,Estimated from text
2026-01-09T03:27:23.080402,6029,S,1849,1722,3571,Qwen3-Next-80B-A3B-Instruct,Estimated from text
2026-01-09T03:27:27.701642,6029,A,5593,827,6420,Qwen3-Next-80B-A3B-Instruct,Estimated from text
2026-01-09T03:27:31.117502,6029,B,3449,556,4005,Qwen3-Next-80B-A3B-Instruct,Estimated from text
2026-01-09T03:27:39.783705,6030,S,1849,1668,3517,Qwen3-Next-80B-A3B-Instruct,Estimated from text
2026-01-09T03:27:43.599959,6030,A,5537,667,6204,Qwen3-Next-80B-A3B-Instruct,Estimated from text
2026-01-09T03:27:46.518380,6030,B,3284,459,3743,Qwen3-Next-80B-A3B-Instruct,Estimated from text
2026-01-09T03:27:59.012418,6031,S,1849,2382,4231,Qwen3-Next-80B-A3B-Instruct,Estimated from text
2026-01-09T03:28:03.036529,6031,A,6252,693,6945,Qwen3-Next-80B-A3B-Instruct,Estimated from text
2026-01-09T03:28:05.649189,6031,B,3309,387,3696,Qwen3-Next-80B-A3B-Instruct,Estimated from text
2026-01-09T03:28:16.317175,6032,S,1849,1899,3748,Qwen3-Next-80B-A3B-Instruct,Estimated from text
2026-01-09T03:28:21.449054,6032,A,5768,876,6644,Qwen3-Next-80B-A3B-Instruct,Estimated from text
2026-01-09T03:28:25.568496,6032,B,3492,639,4131,Qwen3-Next-80B-A3B-Instruct,Estimated from text
2026-01-09T03:28:36.753980,6033,S,1849,1823,3672,Qwen3-Next-80B-A3B-Instruct,Estimated from text
2026-01-09T03:28:40.972035,6033,A,5694,780,6474,Qwen3-Next-80B-A3B-Instruct,Estimated from text
2026-01-09T03:28:43.786013,6033,B,3396,439,3835,Qwen3-Next-80B-A3B-Instruct,Estimated from text
2026-01-09T03:28:53.154037,6034,S,1849,1770,3619,Qwen3-Next-80B-A3B-Instruct,Estimated from text
2026-01-09T03:28:56.874496,6034,A,5639,654,6293,Qwen3-Next-80B-A3B-Instruct,Estimated from text
2026-01-09T03:28:59.589657,6034,B,3270,439,3709,Qwen3-Next-80B-A3B-Instruct,Estimated from text
2026-01-09T03:29:09.282356,6036,S,1849,1707,3556,Qwen3-Next-80B-A3B-Instruct,Estimated from text
2026-01-09T03:29:13.197925,6036,A,5583,684,6267,Qwen3-Next-80B-A3B-Instruct,Estimated from text
2026-01-09T03:29:16.215750,6036,B,3306,426,3732,Qwen3-Next-80B-A3B-Instruct,Estimated from text
2026-01-09T03:29:28.018016,6037,S,1849,2240,4089,Qwen3-Next-80B-A3B-Instruct,Estimated from text
2026-01-09T03:29:33.241733,6037,A,6113,861,6974,Qwen3-Next-80B-A3B-Instruct,Estimated from text
2026-01-09T03:29:36.358600,6037,B,3477,516,3993,Qwen3-Next-80B-A3B-Instruct,Estimated from text
2026-01-09T03:29:48.030402,6038,S,1849,2062,3911,Qwen3-Next-80B-A3B-Instruct,Estimated from text
2026-01-09T03:29:52.855615,6038,A,5935,919,6854,Qwen3-Next-80B-A3B-Instruct,Estimated from text
2026-01-09T03:29:55.670559,6038,B,3536,443,3979,Qwen3-Next-80B-A3B-Instruct,Estimated from text
2026-01-09T03:30:06.240942,6039,S,1849,2145,3994,Qwen3-Next-80B-A3B-Instruct,Estimated from text
2026-01-09T03:30:11.168630,6039,A,6015,867,6882,Qwen3-Next-80B-A3B-Instruct,Estimated from text
2026-01-09T03:30:14.384902,6039,B,3484,543,4027,Qwen3-Next-80B-A3B-Instruct,Estimated from text
2026-01-09T03:30:24.856264,6040,S,1849,1892,3741,Qwen3-Next-80B-A3B-Instruct,Estimated from text
2026-01-09T03:30:29.481672,6040,A,5762,834,6596,Qwen3-Next-80B-A3B-Instruct,Estimated from text
2026-01-09T03:30:32.800113,6040,B,3450,525,3975,Qwen3-Next-80B-A3B-Instruct,Estimated from text
2026-01-09T03:30:43.091466,6041,S,1849,1945,3794,Qwen3-Next-80B-A3B-Instruct,Estimated from text
2026-01-09T03:30:47.312463,6041,A,5812,786,6598,Qwen3-Next-80B-A3B-Instruct,Estimated from text
2026-01-09T03:30:50.628687,6041,B,3402,618,4020,Qwen3-Next-80B-A3B-Instruct,Estimated from text
2026-01-09T03:31:02.106780,6042,S,1849,2154,4003,Qwen3-Next-80B-A3B-Instruct,Estimated from text
2026-01-09T03:31:05.826096,6042,A,6022,654,6676,Qwen3-Next-80B-A3B-Instruct,Estimated from text
2026-01-09T03:31:08.538075,6042,B,3270,447,3717,Qwen3-Next-80B-A3B-Instruct,Estimated from text
2026-01-09T03:31:17.927776,6043,S,1849,1746,3595,Qwen3-Next-80B-A3B-Instruct,Estimated from text
2026-01-09T03:31:22.848691,6043,A,5613,823,6436,Qwen3-Next-80B-A3B-Instruct,Estimated from text
2026-01-09T03:31:25.763299,6043,B,3440,460,3900,Qwen3-Next-80B-A3B-Instruct,Estimated from text
2026-01-09T03:31:33.941097,6044,S,1849,1437,3286,Qwen3-Next-80B-A3B-Instruct,Estimated from text
2026-01-09T03:31:39.173732,6044,A,5302,875,6177,Qwen3-Next-80B-A3B-Instruct,Estimated from text
2026-01-09T03:31:42.491065,6044,B,3492,513,4005,Qwen3-Next-80B-A3B-Instruct,Estimated from text
2026-01-09T03:31:53.084323,6045,S,1849,1936,3785,Qwen3-Next-80B-A3B-Instruct,Estimated from text
2026-01-09T03:31:57.707233,6045,A,5804,818,6622,Qwen3-Next-80B-A3B-Instruct,Estimated from text
2026-01-09T03:32:01.124267,6045,B,3435,531,3966,Qwen3-Next-80B-A3B-Instruct,Estimated from text
2026-01-09T03:32:13.002506,6046,S,1849,2074,3923,Qwen3-Next-80B-A3B-Instruct,Estimated from text
2026-01-09T03:32:17.020274,6046,A,5950,664,6614,Qwen3-Next-80B-A3B-Instruct,Estimated from text
2026-01-09T03:32:20.336651,6046,B,3281,589,3870,Qwen3-Next-80B-A3B-Instruct,Estimated from text
2026-01-09T03:32:29.515910,6047,S,1849,1719,3568,Qwen3-Next-80B-A3B-Instruct,Estimated from text
2026-01-09T03:32:35.046843,6047,A,5585,1000,6585,Qwen3-Next-80B-A3B-Instruct,Estimated from text
2026-01-09T03:32:37.860035,6047,B,3617,491,4108,Qwen3-Next-80B-A3B-Instruct,Estimated from text
2026-01-09T03:32:46.234289,6048,S,1849,1576,3425,Qwen3-Next-80B-A3B-Instruct,Estimated from text
2026-01-09T03:32:50.055172,6048,A,5442,724,6166,Qwen3-Next-80B-A3B-Instruct,Estimated from text
2026-01-09T03:32:53.270296,6048,B,3341,506,3847,Qwen3-Next-80B-A3B-Instruct,Estimated from text
2026-01-09T03:33:02.739449,6049,S,1849,1806,3655,Qwen3-Next-80B-A3B-Instruct,Estimated from text
2026-01-09T03:33:07.358818,6049,A,5673,836,6509,Qwen3-Next-80B-A3B-Instruct,Estimated from text
2026-01-09T03:33:10.675013,6049,B,3453,546,3999,Qwen3-Next-80B-A3B-Instruct,Estimated from text
2026-01-09T03:33:19.962024,6050,S,1849,1646,3495,Qwen3-Next-80B-A3B-Instruct,Estimated from text
2026-01-09T03:33:23.790506,6050,A,5514,813,6327,Qwen3-Next-80B-A3B-Instruct,Estimated from text
2026-01-09T03:33:26.906479,6050,B,3429,515,3944,Qwen3-Next-80B-A3B-Instruct,Estimated from text
2026-01-09T03:33:38.088230,6051,S,1849,2024,3873,Qwen3-Next-80B-A3B-Instruct,Estimated from text
2026-01-09T03:33:42.312423,6051,A,5892,662,6554,Qwen3-Next-80B-A3B-Instruct,Estimated from text
2026-01-09T03:33:45.432177,6051,B,3279,489,3768,Qwen3-Next-80B-A3B-Instruct,Estimated from text
2026-01-09T03:33:53.910224,6052,S,1849,1531,3380,Qwen3-Next-80B-A3B-Instruct,Estimated from text
2026-01-09T03:33:57.830020,6052,A,5394,632,6026,Qwen3-Next-80B-A3B-Instruct,Estimated from text
2026-01-09T03:34:00.644251,6052,B,3249,393,3642,Qwen3-Next-80B-A3B-Instruct,Estimated from text
2026-01-09T03:34:11.115025,6053,S,1849,1902,3751,Qwen3-Next-80B-A3B-Instruct,Estimated from text
2026-01-09T03:34:15.434816,6053,A,5769,756,6525,Qwen3-Next-80B-A3B-Instruct,Estimated from text
2026-01-09T03:34:18.952820,6053,B,3372,564,3936,Qwen3-Next-80B-A3B-Instruct,Estimated from text
2026-01-09T03:34:28.130702,6054,S,1849,1559,3408,Qwen3-Next-80B-A3B-Instruct,Estimated from text
2026-01-09T03:34:32.448530,6054,A,5427,671,6098,Qwen3-Next-80B-A3B-Instruct,Estimated from text
2026-01-09T03:34:35.472480,6054,B,3288,443,3731,Qwen3-Next-80B-A3B-Instruct,Estimated from text
2026-01-09T03:34:47.075936,6056,S,1849,2168,4017,Qwen3-Next-80B-A3B-Instruct,Estimated from text
2026-01-09T03:34:52.099546,6056,A,6041,858,6899,Qwen3-Next-80B-A3B-Instruct,Estimated from text
2026-01-09T03:34:54.811904,6056,B,3477,471,3948,Qwen3-Next-80B-A3B-Instruct,Estimated from text
2026-01-09T03:35:06.048474,6058,S,1849,2087,3936,Qwen3-Next-80B-A3B-Instruct,Estimated from text
2026-01-09T03:35:10.371907,6058,A,5965,746,6711,Qwen3-Next-80B-A3B-Instruct,Estimated from text
2026-01-09T03:35:13.486493,6058,B,3368,477,3845,Qwen3-Next-80B-A3B-Instruct,Estimated from text
2026-01-09T03:35:26.793215,6059,S,1849,2225,4074,Qwen3-Next-80B-A3B-Instruct,Estimated from text
2026-01-09T03:35:31.014532,6059,A,6094,664,6758,Qwen3-Next-80B-A3B-Instruct,Estimated from text
2026-01-09T03:35:34.031848,6059,B,3281,470,3751,Qwen3-Next-80B-A3B-Instruct,Estimated from text
2026-01-09T03:35:42.493123,6060,S,1849,1404,3253,Qwen3-Next-80B-A3B-Instruct,Estimated from text
2026-01-09T03:35:46.715588,6060,A,5270,697,5967,Qwen3-Next-80B-A3B-Instruct,Estimated from text
2026-01-09T03:35:50.232401,6060,B,3314,602,3916,Qwen3-Next-80B-A3B-Instruct,Estimated from text
2026-01-09T03:35:59.699061,6061,S,1849,1834,3683,Qwen3-Next-80B-A3B-Instruct,Estimated from text
2026-01-09T03:36:04.524328,6061,A,5702,766,6468,Qwen3-Next-80B-A3B-Instruct,Estimated from text
2026-01-09T03:36:06.939939,6061,B,3383,375,3758,Qwen3-Next-80B-A3B-Instruct,Estimated from text
2026-01-09T03:36:16.823605,6062,S,1849,1794,3643,Qwen3-Next-80B-A3B-Instruct,Estimated from text
2026-01-09T03:36:21.144770,6062,A,5661,711,6372,Qwen3-Next-80B-A3B-Instruct,Estimated from text
2026-01-09T03:36:24.460611,6062,B,3328,552,3880,Qwen3-Next-80B-A3B-Instruct,Estimated from text
2026-01-09T03:36:34.250315,6063,S,1849,1713,3562,Qwen3-Next-80B-A3B-Instruct,Estimated from text
2026-01-09T03:36:38.172958,6063,A,5580,694,6274,Qwen3-Next-80B-A3B-Instruct,Estimated from text
2026-01-09T03:36:41.387490,6063,B,3311,486,3797,Qwen3-Next-80B-A3B-Instruct,Estimated from text
2026-01-09T03:36:50.762387,6064,S,1849,1602,3451,Qwen3-Next-80B-A3B-Instruct,Estimated from text
2026-01-09T03:36:55.888793,6064,A,5469,897,6366,Qwen3-Next-80B-A3B-Instruct,Estimated from text
2026-01-09T03:36:59.108623,6064,B,3514,538,4052,Qwen3-Next-80B-A3B-Instruct,Estimated from text
2026-01-09T03:37:10.888736,6065,S,1849,2039,3888,Qwen3-Next-80B-A3B-Instruct,Estimated from text
2026-01-09T03:37:14.810083,6065,A,5909,630,6539,Qwen3-Next-80B-A3B-Instruct,Estimated from text
2026-01-09T03:37:19.632456,6065,B,3246,909,4155,Qwen3-Next-80B-A3B-Instruct,Estimated from text
2026-01-09T03:37:30.644367,6066,S,1849,1956,3805,Qwen3-Next-80B-A3B-Instruct,Estimated from text
2026-01-09T03:37:34.566013,6066,A,5825,719,6544,Qwen3-Next-80B-A3B-Instruct,Estimated from text
2026-01-09T03:37:39.896705,6066,B,3336,900,4236,Qwen3-Next-80B-A3B-Instruct,Estimated from text
2026-01-09T03:37:53.606924,6067,S,1849,2529,4378,Qwen3-Next-80B-A3B-Instruct,Estimated from text
2026-01-09T03:37:58.033282,6067,A,6407,628,7035,Qwen3-Next-80B-A3B-Instruct,Estimated from text
2026-01-09T03:38:01.958640,6067,B,3245,640,3885,Qwen3-Next-80B-A3B-Instruct,Estimated from text
2026-01-09T03:38:11.444678,6068,S,1849,1650,3499,Qwen3-Next-80B-A3B-Instruct,Estimated from text
2026-01-09T03:38:15.362782,6068,A,5516,609,6125,Qwen3-Next-80B-A3B-Instruct,Estimated from text
2026-01-09T03:38:18.681918,6068,B,3226,528,3754,Qwen3-Next-80B-A3B-Instruct,Estimated from text
2026-01-09T03:38:28.067931,6069,S,1849,1816,3665,Qwen3-Next-80B-A3B-Instruct,Estimated from text
2026-01-09T03:38:31.894191,6069,A,5686,698,6384,Qwen3-Next-80B-A3B-Instruct,Estimated from text
2026-01-09T03:38:34.910972,6069,B,3315,521,3836,Qwen3-Next-80B-A3B-Instruct,Estimated from text
2026-01-09T03:38:45.090620,6070,S,1849,1962,3811,Qwen3-Next-80B-A3B-Instruct,Estimated from text
2026-01-09T03:38:49.209706,6070,A,5826,647,6473,Qwen3-Next-80B-A3B-Instruct,Estimated from text
2026-01-09T03:38:52.123635,6070,B,3264,422,3686,Qwen3-Next-80B-A3B-Instruct,Estimated from text
2026-01-09T03:39:02.698401,6071,S,1849,1928,3777,Qwen3-Next-80B-A3B-Instruct,Estimated from text
2026-01-09T03:39:07.023645,6071,A,5797,809,6606,Qwen3-Next-80B-A3B-Instruct,Estimated from text
2026-01-09T03:39:10.149699,6071,B,3426,534,3960,Qwen3-Next-80B-A3B-Instruct,Estimated from text
2026-01-09T03:39:18.527985,6072,S,1849,1342,3191,Qwen3-Next-80B-A3B-Instruct,Estimated from text
2026-01-09T03:39:24.054382,6072,A,5207,991,6198,Qwen3-Next-80B-A3B-Instruct,Estimated from text
2026-01-09T03:39:27.081435,6072,B,3608,512,4120,Qwen3-Next-80B-A3B-Instruct,Estimated from text
2026-01-09T03:39:35.443349,6073,S,1849,1403,3252,Qwen3-Next-80B-A3B-Instruct,Estimated from text
2026-01-09T03:39:39.765225,6073,A,5268,662,5930,Qwen3-Next-80B-A3B-Instruct,Estimated from text
2026-01-09T03:39:42.882886,6073,B,3279,523,3802,Qwen3-Next-80B-A3B-Instruct,Estimated from text
2026-01-09T03:39:54.573562,6074,S,1849,2095,3944,Qwen3-Next-80B-A3B-Instruct,Estimated from text
2026-01-09T03:39:59.697706,6074,A,5966,840,6806,Qwen3-Next-80B-A3B-Instruct,Estimated from text
2026-01-09T03:40:02.713112,6074,B,3456,480,3936,Qwen3-Next-80B-A3B-Instruct,Estimated from text
2026-01-09T03:40:13.521686,6075,S,1849,2062,3911,Qwen3-Next-80B-A3B-Instruct,Estimated from text
2026-01-09T03:40:17.843445,6075,A,5932,749,6681,Qwen3-Next-80B-A3B-Instruct,Estimated from text
2026-01-09T03:40:20.759835,6075,B,3366,393,3759,Qwen3-Next-80B-A3B-Instruct,Estimated from text
2026-01-09T03:40:30.253838,6076,S,1849,1751,3600,Qwen3-Next-80B-A3B-Instruct,Estimated from text
2026-01-09T03:40:34.472888,6076,A,5617,693,6310,Qwen3-Next-80B-A3B-Instruct,Estimated from text
2026-01-09T03:40:36.886063,6076,B,3309,382,3691,Qwen3-Next-80B-A3B-Instruct,Estimated from text
2026-01-09T03:40:45.998722,6078,S,1849,1700,3549,Qwen3-Next-80B-A3B-Instruct,Estimated from text
2026-01-09T03:40:50.220582,6078,A,5568,787,6355,Qwen3-Next-80B-A3B-Instruct,Estimated from text
2026-01-09T03:40:52.632862,6078,B,3408,435,3843,Qwen3-Next-80B-A3B-Instruct,Estimated from text
2026-01-09T03:41:03.907964,6079,S,1849,2217,4066,Qwen3-Next-80B-A3B-Instruct,Estimated from text
2026-01-09T03:41:08.330222,6079,A,6095,758,6853,Qwen3-Next-80B-A3B-Instruct,Estimated from text
2026-01-09T03:41:11.545935,6079,B,3378,539,3917,Qwen3-Next-80B-A3B-Instruct,Estimated from text
2026-01-09T03:41:22.222148,6080,S,1849,1980,3829,Qwen3-Next-80B-A3B-Instruct,Estimated from text
2026-01-09T03:41:25.642059,6080,A,5854,585,6439,Qwen3-Next-80B-A3B-Instruct,Estimated from text
2026-01-09T03:41:28.656579,6080,B,3206,504,3710,Qwen3-Next-80B-A3B-Instruct,Estimated from text
2026-01-09T03:56:38.908531,6081,S,1849,1739,3588,Qwen3-Next-80B-A3B-Instruct,Estimated from text
2026-01-09T03:56:43.529918,6081,A,5607,737,6344,Qwen3-Next-80B-A3B-Instruct,Estimated from text
2026-01-09T03:56:46.345002,6081,B,3352,437,3789,Qwen3-Next-80B-A3B-Instruct,Estimated from text
2026-01-09T03:56:56.540555,6082,S,1849,1578,3427,Qwen3-Next-80B-A3B-Instruct,Estimated from text
2026-01-09T03:57:01.564636,6082,A,5443,851,6294,Qwen3-Next-80B-A3B-Instruct,Estimated from text
2026-01-09T03:57:04.683792,6082,B,3466,467,3933,Qwen3-Next-80B-A3B-Instruct,Estimated from text
2026-01-09T03:57:14.674081,6083,S,1849,1725,3574,Qwen3-Next-80B-A3B-Instruct,Estimated from text
2026-01-09T03:57:18.798563,6083,A,5591,672,6263,Qwen3-Next-80B-A3B-Instruct,Estimated from text
2026-01-09T03:57:21.918215,6083,B,3288,565,3853,Qwen3-Next-80B-A3B-Instruct,Estimated from text
2026-01-09T03:57:32.400111,6084,S,1849,1818,3667,Qwen3-Next-80B-A3B-Instruct,Estimated from text
2026-01-09T03:57:36.420442,6084,A,5685,729,6414,Qwen3-Next-80B-A3B-Instruct,Estimated from text
2026-01-09T03:57:39.539709,6084,B,3345,497,3842,Qwen3-Next-80B-A3B-Instruct,Estimated from text
2026-01-09T03:57:50.348339,6085,S,1849,1932,3781,Qwen3-Next-80B-A3B-Instruct,Estimated from text
2026-01-09T03:57:54.770334,6085,A,5802,780,6582,Qwen3-Next-80B-A3B-Instruct,Estimated from text
2026-01-09T03:57:57.988394,6085,B,3395,564,3959,Qwen3-Next-80B-A3B-Instruct,Estimated from text
2026-01-09T03:58:06.780460,6086,S,1849,1532,3381,Qwen3-Next-80B-A3B-Instruct,Estimated from text
2026-01-09T03:58:11.913021,6086,A,5401,810,6211,Qwen3-Next-80B-A3B-Instruct,Estimated from text
2026-01-09T03:58:15.630317,6086,B,3425,585,4010,Qwen3-Next-80B-A3B-Instruct,Estimated from text
2026-01-09T03:58:25.613642,6087,S,1849,1835,3684,Qwen3-Next-80B-A3B-Instruct,Estimated from text
2026-01-09T03:58:30.537873,6087,A,5702,850,6552,Qwen3-Next-80B-A3B-Instruct,Estimated from text
2026-01-09T03:58:33.553747,6087,B,3465,484,3949,Qwen3-Next-80B-A3B-Instruct,Estimated from text
2026-01-09T03:58:45.051979,6088,S,1849,2187,4036,Qwen3-Next-80B-A3B-Instruct,Estimated from text
2026-01-09T03:58:49.479846,6088,A,6060,717,6777,Qwen3-Next-80B-A3B-Instruct,Estimated from text
2026-01-09T03:58:52.796680,6088,B,3332,534,3866,Qwen3-Next-80B-A3B-Instruct,Estimated from text
2026-01-09T03:59:03.273260,6089,S,1849,1931,3780,Qwen3-Next-80B-A3B-Instruct,Estimated from text
2026-01-09T03:59:09.801719,6089,A,5799,1124,6923,Qwen3-Next-80B-A3B-Instruct,Estimated from text
2026-01-09T03:59:13.023156,6089,B,3739,482,4221,Qwen3-Next-80B-A3B-Instruct,Estimated from text
2026-01-09T03:59:23.393904,6090,S,1849,1887,3736,Qwen3-Next-80B-A3B-Instruct,Estimated from text
2026-01-09T03:59:27.217775,6090,A,5754,633,6387,Qwen3-Next-80B-A3B-Instruct,Estimated from text
2026-01-09T03:59:30.131269,6090,B,3248,437,3685,Qwen3-Next-80B-A3B-Instruct,Estimated from text
2026-01-09T03:59:39.732343,6092,S,1849,2016,3865,Qwen3-Next-80B-A3B-Instruct,Estimated from text
2026-01-09T03:59:46.572701,6092,A,5885,1540,7425,Qwen3-Next-80B-A3B-Instruct,Estimated from text
2026-01-09T03:59:49.590067,6092,B,4158,420,4578,Qwen3-Next-80B-A3B-Instruct,Estimated from text
2026-01-09T04:00:00.574438,6093,S,1849,2071,3920,Qwen3-Next-80B-A3B-Instruct,Estimated from text
2026-01-09T04:00:05.094205,6093,A,5939,821,6760,Qwen3-Next-80B-A3B-Instruct,Estimated from text
2026-01-09T04:00:08.410297,6093,B,3435,619,4054,Qwen3-Next-80B-A3B-Instruct,Estimated from text
2026-01-09T04:00:19.015635,6094,S,1849,2047,3896,Qwen3-Next-80B-A3B-Instruct,Estimated from text
2026-01-09T04:00:23.136097,6094,A,5913,687,6600,Qwen3-Next-80B-A3B-Instruct,Estimated from text
2026-01-09T04:00:26.350960,6094,B,3301,510,3811,Qwen3-Next-80B-A3B-Instruct,Estimated from text
2026-01-09T04:00:35.419572,6095,S,1849,1715,3564,Qwen3-Next-80B-A3B-Instruct,Estimated from text
2026-01-09T04:00:41.351892,6095,A,5580,744,6324,Qwen3-Next-80B-A3B-Instruct,Estimated from text
2026-01-09T04:00:44.069557,6095,B,3357,414,3771,Qwen3-Next-80B-A3B-Instruct,Estimated from text
2026-01-09T04:00:54.964032,6096,S,1849,1901,3750,Qwen3-Next-80B-A3B-Instruct,Estimated from text
2026-01-09T04:00:58.582036,6096,A,5765,598,6363,Qwen3-Next-80B-A3B-Instruct,Estimated from text
2026-01-09T04:01:01.296242,6096,B,3212,451,3663,Qwen3-Next-80B-A3B-Instruct,Estimated from text
2026-01-09T04:01:11.770006,6097,S,1849,2082,3931,Qwen3-Next-80B-A3B-Instruct,Estimated from text
2026-01-09T04:01:17.294384,6097,A,5951,1007,6958,Qwen3-Next-80B-A3B-Instruct,Estimated from text
2026-01-09T04:01:20.112517,6097,B,3621,406,4027,Qwen3-Next-80B-A3B-Instruct,Estimated from text
2026-01-09T04:01:29.385304,6098,S,1849,1720,3569,Qwen3-Next-80B-A3B-Instruct,Estimated from text
2026-01-09T04:01:33.510397,6098,A,5583,649,6232,Qwen3-Next-80B-A3B-Instruct,Estimated from text
2026-01-09T04:01:36.829899,6098,B,3263,666,3929,Qwen3-Next-80B-A3B-Instruct,Estimated from text
2026-01-09T04:01:48.637317,6100,S,1849,1978,3827,Qwen3-Next-80B-A3B-Instruct,Estimated from text
2026-01-09T04:01:52.459372,6100,A,5851,723,6574,Qwen3-Next-80B-A3B-Instruct,Estimated from text
2026-01-09T04:01:55.575757,6100,B,3341,518,3859,Qwen3-Next-80B-A3B-Instruct,Estimated from text
2026-01-09T04:02:05.650014,6101,S,1849,1930,3779,Qwen3-Next-80B-A3B-Instruct,Estimated from text
2026-01-09T04:02:09.471427,6101,A,5798,696,6494,Qwen3-Next-80B-A3B-Instruct,Estimated from text
2026-01-09T04:02:12.387400,6101,B,3311,483,3794,Qwen3-Next-80B-A3B-Instruct,Estimated from text
2026-01-09T04:02:24.569163,6102,S,1849,2296,4145,Qwen3-Next-80B-A3B-Instruct,Estimated from text
2026-01-09T04:02:28.590060,6102,A,6173,686,6859,Qwen3-Next-80B-A3B-Instruct,Estimated from text
2026-01-09T04:02:31.207086,6102,B,3301,390,3691,Qwen3-Next-80B-A3B-Instruct,Estimated from text
2026-01-09T04:02:41.222174,6104,S,1849,2031,3880,Qwen3-Next-80B-A3B-Instruct,Estimated from text
2026-01-09T04:02:45.852858,6104,A,5910,820,6730,Qwen3-Next-80B-A3B-Instruct,Estimated from text
2026-01-09T04:02:48.666070,6104,B,3445,467,3912,Qwen3-Next-80B-A3B-Instruct,Estimated from text
2026-01-09T04:02:57.977575,6106,S,1849,1698,3547,Qwen3-Next-80B-A3B-Instruct,Estimated from text
2026-01-09T04:03:02.199152,6106,A,5568,771,6339,Qwen3-Next-80B-A3B-Instruct,Estimated from text
2026-01-09T04:03:04.912429,6106,B,3390,457,3847,Qwen3-Next-80B-A3B-Instruct,Estimated from text
2026-01-09T04:03:15.995298,6107,S,1849,1982,3831,Qwen3-Next-80B-A3B-Instruct,Estimated from text
2026-01-09T04:03:22.120724,6107,A,5853,1112,6965,Qwen3-Next-80B-A3B-Instruct,Estimated from text
2026-01-09T04:03:25.441763,6107,B,3727,552,4279,Qwen3-Next-80B-A3B-Instruct,Estimated from text
2026-01-09T04:03:35.023431,6108,S,1849,1724,3573,Qwen3-Next-80B-A3B-Instruct,Estimated from text
2026-01-09T04:03:39.646232,6108,A,5589,900,6489,Qwen3-Next-80B-A3B-Instruct,Estimated from text
2026-01-09T04:03:42.765276,6108,B,3515,495,4010,Qwen3-Next-80B-A3B-Instruct,Estimated from text
2026-01-09T04:03:54.286607,6110,S,1849,2186,4035,Qwen3-Next-80B-A3B-Instruct,Estimated from text
2026-01-09T04:03:58.711482,6110,A,6054,762,6816,Qwen3-Next-80B-A3B-Instruct,Estimated from text
2026-01-09T04:04:02.132124,6110,B,3377,494,3871,Qwen3-Next-80B-A3B-Instruct,Estimated from text
2026-01-09T04:04:13.420504,6111,S,1849,2216,4065,Qwen3-Next-80B-A3B-Instruct,Estimated from text
2026-01-09T04:04:17.944302,6111,A,6084,778,6862,Qwen3-Next-80B-A3B-Instruct,Estimated from text
2026-01-09T04:04:20.558273,6111,B,3392,447,3839,Qwen3-Next-80B-A3B-Instruct,Estimated from text
2026-01-09T04:04:32.164438,6113,S,1849,2073,3922,Qwen3-Next-80B-A3B-Instruct,Estimated from text
2026-01-09T04:04:37.189671,6113,A,5940,1018,6958,Qwen3-Next-80B-A3B-Instruct,Estimated from text
2026-01-09T04:04:40.006607,6113,B,3630,537,4167,Qwen3-Next-80B-A3B-Instruct,Estimated from text
2026-01-09T04:04:50.699079,6114,S,1849,2039,3888,Qwen3-Next-80B-A3B-Instruct,Estimated from text
2026-01-09T04:04:55.923197,6114,A,5904,969,6873,Qwen3-Next-80B-A3B-Instruct,Estimated from text
2026-01-09T04:04:59.043870,6114,B,3581,447,4028,Qwen3-Next-80B-A3B-Instruct,Estimated from text
2026-01-09T04:05:07.815574,6115,S,1849,1554,3403,Qwen3-Next-80B-A3B-Instruct,Estimated from text
2026-01-09T04:05:12.836913,6115,A,5412,869,6281,Qwen3-Next-80B-A3B-Instruct,Estimated from text
2026-01-09T04:05:15.667633,6115,B,3477,479,3956,Qwen3-Next-80B-A3B-Instruct,Estimated from text
2026-01-09T04:05:26.156366,6116,S,1849,2153,4002,Qwen3-Next-80B-A3B-Instruct,Estimated from text
2026-01-09T04:05:30.473595,6116,A,6015,735,6750,Qwen3-Next-80B-A3B-Instruct,Estimated from text
2026-01-09T04:05:33.792080,6116,B,3343,471,3814,Qwen3-Next-80B-A3B-Instruct,Estimated from text
2026-01-09T04:05:42.262901,6117,S,1849,1551,3400,Qwen3-Next-80B-A3B-Instruct,Estimated from text
2026-01-09T04:05:46.990733,6117,A,5406,742,6148,Qwen3-Next-80B-A3B-Instruct,Estimated from text
2026-01-09T04:05:49.604723,6117,B,3350,401,3751,Qwen3-Next-80B-A3B-Instruct,Estimated from text
2026-01-09T04:06:00.495713,6118,S,1849,2006,3855,Qwen3-Next-80B-A3B-Instruct,Estimated from text
2026-01-09T04:06:05.523700,6118,A,5865,855,6720,Qwen3-Next-80B-A3B-Instruct,Estimated from text
2026-01-09T04:06:08.840032,6118,B,3462,514,3976,Qwen3-Next-80B-A3B-Instruct,Estimated from text
2026-01-09T04:06:17.524568,6119,S,1849,1713,3562,Qwen3-Next-80B-A3B-Instruct,Estimated from text
2026-01-09T04:06:21.742410,6119,A,5568,778,6346,Qwen3-Next-80B-A3B-Instruct,Estimated from text
2026-01-09T04:06:24.759197,6119,B,3386,468,3854,Qwen3-Next-80B-A3B-Instruct,Estimated from text
2026-01-09T04:06:34.939656,6120,S,1849,1974,3823,Qwen3-Next-80B-A3B-Instruct,Estimated from text
2026-01-09T04:06:38.263414,6120,A,5835,522,6357,Qwen3-Next-80B-A3B-Instruct,Estimated from text
2026-01-09T04:06:41.177394,6120,B,3129,452,3581,Qwen3-Next-80B-A3B-Instruct,Estimated from text
2026-01-09T04:06:51.782347,6121,S,1849,1943,3792,Qwen3-Next-80B-A3B-Instruct,Estimated from text
2026-01-09T04:06:57.307215,6121,A,5805,950,6755,Qwen3-Next-80B-A3B-Instruct,Estimated from text
2026-01-09T04:07:00.222094,6121,B,3558,438,3996,Qwen3-Next-80B-A3B-Instruct,Estimated from text
2026-01-09T04:07:13.522501,6122,S,1849,2643,4492,Qwen3-Next-80B-A3B-Instruct,Estimated from text
2026-01-09T04:07:19.049829,6122,A,6513,888,7401,Qwen3-Next-80B-A3B-Instruct,Estimated from text
2026-01-09T04:07:21.863449,6122,B,3495,439,3934,Qwen3-Next-80B-A3B-Instruct,Estimated from text
2026-01-09T04:07:31.569973,6124,S,1849,1876,3725,Qwen3-Next-80B-A3B-Instruct,Estimated from text
2026-01-09T04:07:35.888684,6124,A,5741,766,6507,Qwen3-Next-80B-A3B-Instruct,Estimated from text
2026-01-09T04:07:39.407938,6124,B,3378,611,3989,Qwen3-Next-80B-A3B-Instruct,Estimated from text
2026-01-09T04:07:48.300916,6125,S,1849,1694,3543,Qwen3-Next-80B-A3B-Instruct,Estimated from text
2026-01-09T04:07:54.024730,6125,A,5551,990,6541,Qwen3-Next-80B-A3B-Instruct,Estimated from text
2026-01-09T04:07:57.038917,6125,B,3597,458,4055,Qwen3-Next-80B-A3B-Instruct,Estimated from text
2026-01-09T04:08:07.328087,6126,S,1849,1966,3815,Qwen3-Next-80B-A3B-Instruct,Estimated from text
2026-01-09T04:08:12.451721,6126,A,5828,886,6714,Qwen3-Next-80B-A3B-Instruct,Estimated from text
2026-01-09T04:08:15.568886,6126,B,3494,574,4068,Qwen3-Next-80B-A3B-Instruct,Estimated from text
2026-01-09T04:08:25.496820,6128,S,1849,1772,3621,Qwen3-Next-80B-A3B-Instruct,Estimated from text
2026-01-09T04:08:29.516840,6128,A,5637,685,6322,Qwen3-Next-80B-A3B-Instruct,Estimated from text
2026-01-09T04:08:32.436019,6128,B,3297,420,3717,Qwen3-Next-80B-A3B-Instruct,Estimated from text
2026-01-09T04:08:42.230031,6129,S,1849,1854,3703,Qwen3-Next-80B-A3B-Instruct,Estimated from text
2026-01-09T04:08:46.551088,6129,A,5714,677,6391,Qwen3-Next-80B-A3B-Instruct,Estimated from text
2026-01-09T04:08:49.568108,6129,B,3285,417,3702,Qwen3-Next-80B-A3B-Instruct,Estimated from text
2026-01-09T04:09:02.245488,6130,S,1849,2322,4171,Qwen3-Next-80B-A3B-Instruct,Estimated from text
2026-01-09T04:09:07.067305,6130,A,6187,759,6946,Qwen3-Next-80B-A3B-Instruct,Estimated from text
2026-01-09T04:09:10.184210,6130,B,3367,399,3766,Qwen3-Next-80B-A3B-Instruct,Estimated from text
2026-01-09T04:09:19.352012,6131,S,1849,1661,3510,Qwen3-Next-80B-A3B-Instruct,Estimated from text
2026-01-09T04:09:23.670959,6131,A,5520,804,6324,Qwen3-Next-80B-A3B-Instruct,Estimated from text
2026-01-09T04:09:26.488910,6131,B,3412,443,3855,Qwen3-Next-80B-A3B-Instruct,Estimated from text
2026-01-09T04:09:36.171351,6132,S,1849,1849,3698,Qwen3-Next-80B-A3B-Instruct,Estimated from text
2026-01-09T04:09:41.294116,6132,A,5709,927,6636,Qwen3-Next-80B-A3B-Instruct,Estimated from text
2026-01-09T04:09:44.911768,6132,B,3534,604,4138,Qwen3-Next-80B-A3B-Instruct,Estimated from text
2026-01-09T04:09:56.785080,6133,S,1849,2289,4138,Qwen3-Next-80B-A3B-Instruct,Estimated from text
2026-01-09T04:10:00.706066,6133,A,6154,603,6757,Qwen3-Next-80B-A3B-Instruct,Estimated from text
2026-01-09T04:10:03.621219,6133,B,3210,477,3687,Qwen3-Next-80B-A3B-Instruct,Estimated from text
2026-01-09T04:10:13.421742,6135,S,1849,1728,3577,Qwen3-Next-80B-A3B-Instruct,Estimated from text
2026-01-09T04:10:17.746340,6135,A,5595,657,6252,Qwen3-Next-80B-A3B-Instruct,Estimated from text
2026-01-09T04:10:22.667571,6135,B,3275,826,4101,Qwen3-Next-80B-A3B-Instruct,Estimated from text
2026-01-09T04:10:33.149026,6136,S,1849,1907,3756,Qwen3-Next-80B-A3B-Instruct,Estimated from text
2026-01-09T04:10:36.667039,6136,A,5772,583,6355,Qwen3-Next-80B-A3B-Instruct,Estimated from text
2026-01-09T04:10:39.480404,6136,B,3195,408,3603,Qwen3-Next-80B-A3B-Instruct,Estimated from text
2026-01-09T04:10:51.514873,6137,S,1849,2330,4179,Qwen3-Next-80B-A3B-Instruct,Estimated from text
2026-01-09T04:10:55.634000,6137,A,6200,684,6884,Qwen3-Next-80B-A3B-Instruct,Estimated from text
2026-01-09T04:10:59.049770,6137,B,3296,535,3831,Qwen3-Next-80B-A3B-Instruct,Estimated from text
2026-01-09T04:11:12.133364,6138,S,1849,2283,4132,Qwen3-Next-80B-A3B-Instruct,Estimated from text
2026-01-09T04:11:16.254379,6138,A,6161,672,6833,Qwen3-Next-80B-A3B-Instruct,Estimated from text
2026-01-09T04:11:19.881900,6138,B,3285,570,3855,Qwen3-Next-80B-A3B-Instruct,Estimated from text
2026-01-09T04:11:30.056739,6139,S,1849,2073,3922,Qwen3-Next-80B-A3B-Instruct,Estimated from text
2026-01-09T04:11:34.382499,6139,A,5937,801,6738,Qwen3-Next-80B-A3B-Instruct,Estimated from text
2026-01-09T04:11:37.398607,6139,B,3414,467,3881,Qwen3-Next-80B-A3B-Instruct,Estimated from text
2026-01-09T04:11:47.985626,6140,S,1849,1923,3772,Qwen3-Next-80B-A3B-Instruct,Estimated from text
2026-01-09T04:11:52.205116,6140,A,5789,665,6454,Qwen3-Next-80B-A3B-Instruct,Estimated from text
2026-01-09T04:11:55.220004,6140,B,3277,466,3743,Qwen3-Next-80B-A3B-Instruct,Estimated from text
2026-01-09T04:12:06.293187,6141,S,1849,2023,3872,Qwen3-Next-80B-A3B-Instruct,Estimated from text
2026-01-09T04:12:11.417985,6141,A,5889,951,6840,Qwen3-Next-80B-A3B-Instruct,Estimated from text
2026-01-09T04:12:14.233358,6141,B,3564,420,3984,Qwen3-Next-80B-A3B-Instruct,Estimated from text
2026-01-09T04:12:25.316966,6142,S,1849,2193,4042,Qwen3-Next-80B-A3B-Instruct,Estimated from text
2026-01-09T04:12:29.938174,6142,A,6063,910,6973,Qwen3-Next-80B-A3B-Instruct,Estimated from text
2026-01-09T04:12:32.952257,6142,B,3522,517,4039,Qwen3-Next-80B-A3B-Instruct,Estimated from text
2026-01-09T04:12:42.223888,6143,S,1849,1794,3643,Qwen3-Next-80B-A3B-Instruct,Estimated from text
2026-01-09T04:12:46.748785,6143,A,5656,761,6417,Qwen3-Next-80B-A3B-Instruct,Estimated from text
2026-01-09T04:12:49.567123,6143,B,3373,484,3857,Qwen3-Next-80B-A3B-Instruct,Estimated from text
2026-01-09T04:13:00.061498,6144,S,1849,1829,3678,Qwen3-Next-80B-A3B-Instruct,Estimated from text
2026-01-09T04:13:04.186040,6144,A,5692,624,6316,Qwen3-Next-80B-A3B-Instruct,Estimated from text
2026-01-09T04:13:07.305754,6144,B,3237,570,3807,Qwen3-Next-80B-A3B-Instruct,Estimated from text
2026-01-09T04:13:16.278456,6145,S,1849,1578,3427,Qwen3-Next-80B-A3B-Instruct,Estimated from text
2026-01-09T04:13:20.197902,6145,A,5438,759,6197,Qwen3-Next-80B-A3B-Instruct,Estimated from text
2026-01-09T04:13:23.776803,6145,B,3371,576,3947,Qwen3-Next-80B-A3B-Instruct,Estimated from text
2026-01-09T04:13:33.239895,6146,S,1849,1818,3667,Qwen3-Next-80B-A3B-Instruct,Estimated from text
2026-01-09T04:13:37.558305,6146,A,5681,804,6485,Qwen3-Next-80B-A3B-Instruct,Estimated from text
2026-01-09T04:13:41.076109,6146,B,3417,483,3900,Qwen3-Next-80B-A3B-Instruct,Estimated from text
2026-01-09T04:13:52.050510,6147,S,1849,2114,3963,Qwen3-Next-80B-A3B-Instruct,Estimated from text
2026-01-09T04:13:56.172029,6147,A,5982,642,6624,Qwen3-Next-80B-A3B-Instruct,Estimated from text
2026-01-09T04:13:59.287845,6147,B,3254,440,3694,Qwen3-Next-80B-A3B-Instruct,Estimated from text
2026-01-09T04:14:07.658821,6148,S,1849,1548,3397,Qwen3-Next-80B-A3B-Instruct,Estimated from text
2026-01-09T04:14:11.982456,6148,A,5408,774,6182,Qwen3-Next-80B-A3B-Instruct,Estimated from text
2026-01-09T04:14:14.999249,6148,B,3387,488,3875,Qwen3-Next-80B-A3B-Instruct,Estimated from text
2026-01-09T04:14:25.594482,6149,S,1849,1988,3837,Qwen3-Next-80B-A3B-Instruct,Estimated from text
2026-01-09T04:14:30.217143,6149,A,5853,756,6609,Qwen3-Next-80B-A3B-Instruct,Estimated from text
2026-01-09T04:14:33.134390,6149,B,3368,421,3789,Qwen3-Next-80B-A3B-Instruct,Estimated from text
2026-01-09T04:14:43.822135,6150,S,1849,1914,3763,Qwen3-Next-80B-A3B-Instruct,Estimated from text
2026-01-09T04:14:48.246064,6150,A,5778,702,6480,Qwen3-Next-80B-A3B-Instruct,Estimated from text
2026-01-09T04:14:51.262977,6150,B,3315,451,3766,Qwen3-Next-80B-A3B-Instruct,Estimated from text
2026-01-09T04:15:00.740589,6151,S,1849,1730,3579,Qwen3-Next-80B-A3B-Instruct,Estimated from text
2026-01-09T04:15:04.858860,6151,A,5592,668,6260,Qwen3-Next-80B-A3B-Instruct,Estimated from text
2026-01-09T04:15:08.074476,6151,B,3280,498,3778,Qwen3-Next-80B-A3B-Instruct,Estimated from text
2026-01-09T04:15:17.341547,6152,S,1849,1837,3686,Qwen3-Next-80B-A3B-Instruct,Estimated from text
2026-01-09T04:15:22.166698,6152,A,5700,915,6615,Qwen3-Next-80B-A3B-Instruct,Estimated from text
2026-01-09T04:15:25.482481,6152,B,3528,529,4057,Qwen3-Next-80B-A3B-Instruct,Estimated from text
2026-01-09T04:15:35.468073,6153,S,1849,2021,3870,Qwen3-Next-80B-A3B-Instruct,Estimated from text
2026-01-09T04:15:40.390308,6153,A,5885,828,6713,Qwen3-Next-80B-A3B-Instruct,Estimated from text
2026-01-09T04:15:43.506609,6153,B,3441,469,3910,Qwen3-Next-80B-A3B-Instruct,Estimated from text
2026-01-09T04:15:54.389233,6154,S,1849,1862,3711,Qwen3-Next-80B-A3B-Instruct,Estimated from text
2026-01-09T04:15:59.915487,6154,A,5729,988,6717,Qwen3-Next-80B-A3B-Instruct,Estimated from text
2026-01-09T04:16:02.630758,6154,B,3600,424,4024,Qwen3-Next-80B-A3B-Instruct,Estimated from text
2026-01-09T04:16:18.335123,6155,S,1849,2631,4480,Qwen3-Next-80B-A3B-Instruct,Estimated from text
2026-01-09T04:16:23.061540,6155,A,6504,719,7223,Qwen3-Next-80B-A3B-Instruct,Estimated from text
2026-01-09T04:16:25.674671,6155,B,3331,370,3701,Qwen3-Next-80B-A3B-Instruct,Estimated from text
2026-01-09T04:16:33.434854,6156,S,1849,1284,3133,Qwen3-Next-80B-A3B-Instruct,Estimated from text
2026-01-09T04:16:37.956828,6156,A,5144,724,5868,Qwen3-Next-80B-A3B-Instruct,Estimated from text
2026-01-09T04:16:41.172165,6156,B,3336,442,3778,Qwen3-Next-80B-A3B-Instruct,Estimated from text
2026-01-09T04:16:56.970579,6157,S,1849,2728,4577,Qwen3-Next-80B-A3B-Instruct,Estimated from text
2026-01-09T04:17:00.789972,6157,A,6600,537,7137,Qwen3-Next-80B-A3B-Instruct,Estimated from text
2026-01-09T04:17:03.606228,6157,B,3150,426,3576,Qwen3-Next-80B-A3B-Instruct,Estimated from text
2026-01-09T04:17:13.092878,6158,S,1849,1658,3507,Qwen3-Next-80B-A3B-Instruct,Estimated from text
2026-01-09T04:17:17.312682,6158,A,5519,659,6178,Qwen3-Next-80B-A3B-Instruct,Estimated from text
2026-01-09T04:17:20.329598,6158,B,3271,525,3796,Qwen3-Next-80B-A3B-Instruct,Estimated from text
2026-01-09T04:17:31.714809,6159,S,1849,2035,3884,Qwen3-Next-80B-A3B-Instruct,Estimated from text
2026-01-09T04:17:37.350217,6159,A,5901,889,6790,Qwen3-Next-80B-A3B-Instruct,Estimated from text
2026-01-09T04:17:39.964258,6159,B,3501,344,3845,Qwen3-Next-80B-A3B-Instruct,Estimated from text
2026-01-09T04:17:51.791653,6160,S,1849,2168,4017,Qwen3-Next-80B-A3B-Instruct,Estimated from text
2026-01-09T04:17:56.714324,6160,A,6033,840,6873,Qwen3-Next-80B-A3B-Instruct,Estimated from text
2026-01-09T04:17:59.427212,6160,B,3453,447,3900,Qwen3-Next-80B-A3B-Instruct,Estimated from text
2026-01-09T04:18:09.820213,6161,S,1849,1854,3703,Qwen3-Next-80B-A3B-Instruct,Estimated from text
2026-01-09T04:18:14.741866,6161,A,5716,883,6599,Qwen3-Next-80B-A3B-Instruct,Estimated from text
2026-01-09T04:18:18.458956,6161,B,3495,605,4100,Qwen3-Next-80B-A3B-Instruct,Estimated from text
2026-01-09T04:18:29.551581,6162,S,1849,2142,3991,Qwen3-Next-80B-A3B-Instruct,Estimated from text
2026-01-09T04:18:33.571604,6162,A,6012,747,6759,Qwen3-Next-80B-A3B-Instruct,Estimated from text
2026-01-09T04:18:36.391967,6162,B,3360,432,3792,Qwen3-Next-80B-A3B-Instruct,Estimated from text
2026-01-09T04:18:45.076017,6163,S,1849,1548,3397,Qwen3-Next-80B-A3B-Instruct,Estimated from text
2026-01-09T04:18:49.601475,6163,A,5411,745,6156,Qwen3-Next-80B-A3B-Instruct,Estimated from text
2026-01-09T04:18:52.715760,6163,B,3357,531,3888,Qwen3-Next-80B-A3B-Instruct,Estimated from text
2026-01-09T04:19:02.406657,6164,S,1849,1722,3571,Qwen3-Next-80B-A3B-Instruct,Estimated from text
2026-01-09T04:19:07.026959,6164,A,5582,757,6339,Qwen3-Next-80B-A3B-Instruct,Estimated from text
2026-01-09T04:19:10.345807,6164,B,3369,475,3844,Qwen3-Next-80B-A3B-Instruct,Estimated from text
2026-01-09T04:19:21.627691,6165,S,1849,2048,3897,Qwen3-Next-80B-A3B-Instruct,Estimated from text
2026-01-09T04:19:25.545266,6165,A,5915,608,6523,Qwen3-Next-80B-A3B-Instruct,Estimated from text
2026-01-09T04:19:28.767451,6165,B,3220,450,3670,Qwen3-Next-80B-A3B-Instruct,Estimated from text
2026-01-09T04:19:39.651362,6166,S,1849,2046,3895,Qwen3-Next-80B-A3B-Instruct,Estimated from text
2026-01-09T04:19:44.274366,6166,A,5915,743,6658,Qwen3-Next-80B-A3B-Instruct,Estimated from text
2026-01-09T04:19:47.492511,6166,B,3357,510,3867,Qwen3-Next-80B-A3B-Instruct,Estimated from text
2026-01-09T04:19:58.294818,6168,S,1849,2099,3948,Qwen3-Next-80B-A3B-Instruct,Estimated from text
2026-01-09T04:20:02.014649,6168,A,5973,611,6584,Qwen3-Next-80B-A3B-Instruct,Estimated from text
2026-01-09T04:20:05.029560,6168,B,3233,427,3660,Qwen3-Next-80B-A3B-Instruct,Estimated from text
2026-01-09T04:20:18.421691,6169,S,1849,2715,4564,Qwen3-Next-80B-A3B-Instruct,Estimated from text
2026-01-09T04:20:23.144271,6169,A,6595,835,7430,Qwen3-Next-80B-A3B-Instruct,Estimated from text
2026-01-09T04:20:25.958961,6169,B,3455,506,3961,Qwen3-Next-80B-A3B-Instruct,Estimated from text
2026-01-09T04:20:35.563226,6171,S,1849,1672,3521,Qwen3-Next-80B-A3B-Instruct,Estimated from text
2026-01-09T04:20:39.280355,6171,A,5547,706,6253,Qwen3-Next-80B-A3B-Instruct,Estimated from text
2026-01-09T04:20:42.299682,6171,B,3328,492,3820,Qwen3-Next-80B-A3B-Instruct,Estimated from text
2026-01-09T04:20:54.505696,6172,S,1849,2381,4230,Qwen3-Next-80B-A3B-Instruct,Estimated from text
2026-01-09T04:20:58.826466,6172,A,6249,796,7045,Qwen3-Next-80B-A3B-Instruct,Estimated from text
2026-01-09T04:21:02.040594,6172,B,3410,572,3982,Qwen3-Next-80B-A3B-Instruct,Estimated from text
2026-01-09T04:21:10.609569,6173,S,1849,1584,3433,Qwen3-Next-80B-A3B-Instruct,Estimated from text
2026-01-09T04:21:15.031768,6173,A,5445,776,6221,Qwen3-Next-80B-A3B-Instruct,Estimated from text
2026-01-09T04:21:18.245277,6173,B,3390,542,3932,Qwen3-Next-80B-A3B-Instruct,Estimated from text
2026-01-09T04:21:27.538294,6175,S,1849,1724,3573,Qwen3-Next-80B-A3B-Instruct,Estimated from text
2026-01-09T04:21:30.954535,6175,A,5596,571,6167,Qwen3-Next-80B-A3B-Instruct,Estimated from text
2026-01-09T04:21:34.278401,6175,B,3193,514,3707,Qwen3-Next-80B-A3B-Instruct,Estimated from text
2026-01-09T04:21:44.378751,6176,S,1849,1865,3714,Qwen3-Next-80B-A3B-Instruct,Estimated from text
2026-01-09T04:21:49.106008,6176,A,5733,771,6504,Qwen3-Next-80B-A3B-Instruct,Estimated from text
2026-01-09T04:22:32.124698,6177,S,1849,1830,3679,Qwen3-Next-80B-A3B-Instruct,Estimated from text
2026-01-09T04:22:36.450597,6177,A,5698,764,6462,Qwen3-Next-80B-A3B-Instruct,Estimated from text
2026-01-09T04:23:19.288679,6178,S,1849,1573,3422,Qwen3-Next-80B-A3B-Instruct,Estimated from text
2026-01-09T04:23:23.507660,6178,A,5440,713,6153,Qwen3-Next-80B-A3B-Instruct,Estimated from text
2026-01-09T04:23:26.322754,6178,B,3331,402,3733,Qwen3-Next-80B-A3B-Instruct,Estimated from text
2026-01-09T04:23:37.792375,6179,S,1849,1959,3808,Qwen3-Next-80B-A3B-Instruct,Estimated from text
2026-01-09T04:23:42.017009,6179,A,5834,615,6449,Qwen3-Next-80B-A3B-Instruct,Estimated from text
2026-01-09T04:23:44.931898,6179,B,3234,464,3698,Qwen3-Next-80B-A3B-Instruct,Estimated from text
2026-01-09T04:23:55.655298,6181,S,1849,2074,3923,Qwen3-Next-80B-A3B-Instruct,Estimated from text
2026-01-09T04:23:59.175070,6181,A,5943,670,6613,Qwen3-Next-80B-A3B-Instruct,Estimated from text
2026-01-09T04:24:48.324100,6182,S,1849,1934,3783,Qwen3-Next-80B-A3B-Instruct,Estimated from text
2026-01-09T04:24:52.844999,6182,A,5805,771,6576,Qwen3-Next-80B-A3B-Instruct,Estimated from text
2026-01-09T04:24:56.159530,6182,B,3390,671,4061,Qwen3-Next-80B-A3B-Instruct,Estimated from text
2026-01-09T04:25:07.440694,6183,S,1849,2087,3936,Qwen3-Next-80B-A3B-Instruct,Estimated from text
2026-01-09T04:25:11.962840,6183,A,5958,811,6769,Qwen3-Next-80B-A3B-Instruct,Estimated from text
2026-01-09T04:25:56.821738,6184,S,1849,1768,3617,Qwen3-Next-80B-A3B-Instruct,Estimated from text
2026-01-09T04:26:00.951530,6184,A,5637,690,6327,Qwen3-Next-80B-A3B-Instruct,Estimated from text
2026-01-09T04:26:47.576512,6185,S,1849,1977,3826,Qwen3-Next-80B-A3B-Instruct,Estimated from text
2026-01-09T04:26:50.692858,6185,A,5847,519,6366,Qwen3-Next-80B-A3B-Instruct,Estimated from text
2026-01-09T04:26:53.706411,6185,B,3138,463,3601,Qwen3-Next-80B-A3B-Instruct,Estimated from text
2026-01-09T04:27:06.104689,6186,S,1849,2355,4204,Qwen3-Next-80B-A3B-Instruct,Estimated from text
2026-01-09T04:27:12.139013,6186,A,6235,1134,7369,Qwen3-Next-80B-A3B-Instruct,Estimated from text
2026-01-09T04:27:15.054863,6186,B,3754,485,4239,Qwen3-Next-80B-A3B-Instruct,Estimated from text
2026-01-09T04:27:26.254929,6187,S,1849,2103,3952,Qwen3-Next-80B-A3B-Instruct,Estimated from text
2026-01-09T04:27:29.776386,6187,A,5979,642,6621,Qwen3-Next-80B-A3B-Instruct,Estimated from text
2026-01-09T04:27:32.090294,6187,B,3261,367,3628,Qwen3-Next-80B-A3B-Instruct,Estimated from text
2026-01-09T04:27:42.182715,6188,S,1849,1878,3727,Qwen3-Next-80B-A3B-Instruct,Estimated from text
2026-01-09T04:27:49.116507,6188,A,5750,1380,7130,Qwen3-Next-80B-A3B-Instruct,Estimated from text
2026-01-09T04:27:52.834309,6188,B,3999,654,4653,Qwen3-Next-80B-A3B-Instruct,Estimated from text
2026-01-09T04:28:03.950511,6190,S,1849,2079,3928,Qwen3-Next-80B-A3B-Instruct,Estimated from text
2026-01-09T04:28:08.774946,6190,A,5957,922,6879,Qwen3-Next-80B-A3B-Instruct,Estimated from text
2026-01-09T04:28:11.690089,6190,B,3544,571,4115,Qwen3-Next-80B-A3B-Instruct,Estimated from text
2026-01-09T04:28:21.690270,6191,S,1849,1828,3677,Qwen3-Next-80B-A3B-Instruct,Estimated from text
2026-01-09T04:28:25.811163,6191,A,5702,792,6494,Qwen3-Next-80B-A3B-Instruct,Estimated from text
2026-01-09T04:28:29.127014,6191,B,3414,531,3945,Qwen3-Next-80B-A3B-Instruct,Estimated from text
2026-01-09T04:28:39.409849,6192,S,1849,1883,3732,Qwen3-Next-80B-A3B-Instruct,Estimated from text
2026-01-09T04:28:44.337067,6192,A,5757,841,6598,Qwen3-Next-80B-A3B-Instruct,Estimated from text
2026-01-09T04:28:47.453489,6192,B,3461,480,3941,Qwen3-Next-80B-A3B-Instruct,Estimated from text
2026-01-09T04:28:57.930652,6193,S,1849,1983,3832,Qwen3-Next-80B-A3B-Instruct,Estimated from text
2026-01-09T04:29:02.555049,6193,A,5855,869,6724,Qwen3-Next-80B-A3B-Instruct,Estimated from text
2026-01-09T04:29:05.773881,6193,B,3489,558,4047,Qwen3-Next-80B-A3B-Instruct,Estimated from text
2026-01-09T04:29:18.876221,6194,S,1849,2556,4405,Qwen3-Next-80B-A3B-Instruct,Estimated from text
2026-01-09T04:29:23.703948,6194,A,6439,826,7265,Qwen3-Next-80B-A3B-Instruct,Estimated from text
2026-01-09T04:29:27.221733,6194,B,3446,531,3977,Qwen3-Next-80B-A3B-Instruct,Estimated from text
2026-01-09T04:29:39.440757,6196,S,1849,1952,3801,Qwen3-Next-80B-A3B-Instruct,Estimated from text
2026-01-09T04:29:43.458338,6196,A,5834,759,6593,Qwen3-Next-80B-A3B-Instruct,Estimated from text
2026-01-09T04:30:34.339190,6197,S,1849,1872,3721,Qwen3-Next-80B-A3B-Instruct,Estimated from text
2026-01-09T04:30:38.456722,6197,A,5748,779,6527,Qwen3-Next-80B-A3B-Instruct,Estimated from text
2026-01-09T04:30:41.272623,6197,B,3402,426,3828,Qwen3-Next-80B-A3B-Instruct,Estimated from text
2026-01-09T04:30:51.540083,6198,S,1849,1842,3691,Qwen3-Next-80B-A3B-Instruct,Estimated from text
2026-01-09T04:30:56.163991,6198,A,5715,683,6398,Qwen3-Next-80B-A3B-Instruct,Estimated from text
2026-01-09T04:30:59.595913,6198,B,3303,579,3882,Qwen3-Next-80B-A3B-Instruct,Estimated from text
2026-01-09T04:31:09.890131,6200,S,1849,1803,3652,Qwen3-Next-80B-A3B-Instruct,Estimated from text
2026-01-09T04:31:13.308736,6200,A,5681,512,6193,Qwen3-Next-80B-A3B-Instruct,Estimated from text
2026-01-09T04:31:16.323363,6200,B,3138,461,3599,Qwen3-Next-80B-A3B-Instruct,Estimated from text
2026-01-09T04:31:27.810727,6201,S,1849,2174,4023,Qwen3-Next-80B-A3B-Instruct,Estimated from text
2026-01-09T04:31:32.436328,6201,A,6056,823,6879,Qwen3-Next-80B-A3B-Instruct,Estimated from text
2026-01-09T04:31:35.650978,6201,B,3449,453,3902,Qwen3-Next-80B-A3B-Instruct,Estimated from text
2026-01-09T04:31:46.629090,6202,S,1849,1965,3814,Qwen3-Next-80B-A3B-Instruct,Estimated from text
2026-01-09T04:31:50.647863,6202,A,5842,639,6481,Qwen3-Next-80B-A3B-Instruct,Estimated from text
2026-01-09T04:31:53.562691,6202,B,3264,461,3725,Qwen3-Next-80B-A3B-Instruct,Estimated from text
2026-01-09T04:32:04.163486,6203,S,1849,2028,3877,Qwen3-Next-80B-A3B-Instruct,Estimated from text
2026-01-09T04:32:08.983618,6203,A,5906,774,6680,Qwen3-Next-80B-A3B-Instruct,Estimated from text
2026-01-09T04:32:12.604578,6203,B,3400,566,3966,Qwen3-Next-80B-A3B-Instruct,Estimated from text
2026-01-09T04:32:22.375948,6204,S,1849,1832,3681,Qwen3-Next-80B-A3B-Instruct,Estimated from text
2026-01-09T04:32:26.294921,6204,A,5709,613,6322,Qwen3-Next-80B-A3B-Instruct,Estimated from text
2026-01-09T04:32:29.309668,6204,B,3239,459,3698,Qwen3-Next-80B-A3B-Instruct,Estimated from text
2026-01-09T04:32:40.501057,6205,S,1849,2030,3879,Qwen3-Next-80B-A3B-Instruct,Estimated from text
2026-01-09T04:32:45.128043,6205,A,5907,843,6750,Qwen3-Next-80B-A3B-Instruct,Estimated from text
2026-01-09T04:32:48.244176,6205,B,3468,489,3957,Qwen3-Next-80B-A3B-Instruct,Estimated from text
2026-01-09T04:32:58.239909,6206,S,1849,1860,3709,Qwen3-Next-80B-A3B-Instruct,Estimated from text
2026-01-09T04:33:02.361721,6206,A,5737,698,6435,Qwen3-Next-80B-A3B-Instruct,Estimated from text
2026-01-09T04:33:05.879998,6206,B,3324,610,3934,Qwen3-Next-80B-A3B-Instruct,Estimated from text
2026-01-09T04:33:16.783789,6207,S,1849,2027,3876,Qwen3-Next-80B-A3B-Instruct,Estimated from text
2026-01-09T04:33:21.605346,6207,A,5905,838,6743,Qwen3-Next-80B-A3B-Instruct,Estimated from text
2026-01-09T04:33:25.022780,6207,B,3464,519,3983,Qwen3-Next-80B-A3B-Instruct,Estimated from text
2026-01-09T04:33:35.008690,6208,S,1849,1841,3690,Qwen3-Next-80B-A3B-Instruct,Estimated from text
2026-01-09T04:33:40.131153,6208,A,5720,874,6594,Qwen3-Next-80B-A3B-Instruct,Estimated from text
2026-01-09T04:33:43.447675,6208,B,3500,557,4057,Qwen3-Next-80B-A3B-Instruct,Estimated from text
2026-01-09T04:33:55.036705,6209,S,1849,2140,3989,Qwen3-Next-80B-A3B-Instruct,Estimated from text
2026-01-09T04:33:59.569529,6209,A,6024,723,6747,Qwen3-Next-80B-A3B-Instruct,Estimated from text
2026-01-09T04:34:02.684890,6209,B,3349,499,3848,Qwen3-Next-80B-A3B-Instruct,Estimated from text
2026-01-09T04:34:14.783076,6210,S,1849,2139,3988,Qwen3-Next-80B-A3B-Instruct,Estimated from text
2026-01-09T04:34:19.416752,6210,A,6022,752,6774,Qwen3-Next-80B-A3B-Instruct,Estimated from text
2026-01-09T04:34:22.931951,6210,B,3378,513,3891,Qwen3-Next-80B-A3B-Instruct,Estimated from text
2026-01-09T04:34:36.639358,6212,S,1849,2277,4126,Qwen3-Next-80B-A3B-Instruct,Estimated from text
2026-01-09T04:34:41.461819,6212,A,6168,946,7114,Qwen3-Next-80B-A3B-Instruct,Estimated from text
2026-01-09T04:34:44.679422,6212,B,3579,552,4131,Qwen3-Next-80B-A3B-Instruct,Estimated from text
2026-01-09T04:34:56.057255,6213,S,1849,1949,3798,Qwen3-Next-80B-A3B-Instruct,Estimated from text
2026-01-09T04:35:00.075327,6213,A,5833,735,6568,Qwen3-Next-80B-A3B-Instruct,Estimated from text
2026-01-09T04:35:03.288093,6213,B,3367,546,3913,Qwen3-Next-80B-A3B-Instruct,Estimated from text
2026-01-09T04:35:12.861668,6214,S,1849,1692,3541,Qwen3-Next-80B-A3B-Instruct,Estimated from text
2026-01-09T04:35:16.679317,6214,A,5568,697,6265,Qwen3-Next-80B-A3B-Instruct,Estimated from text
2026-01-09T04:35:20.193735,6214,B,3324,633,3957,Qwen3-Next-80B-A3B-Instruct,Estimated from text
2026-01-09T04:35:29.658907,6215,S,1849,1836,3685,Qwen3-Next-80B-A3B-Instruct,Estimated from text
2026-01-09T04:35:33.680092,6215,A,5712,750,6462,Qwen3-Next-80B-A3B-Instruct,Estimated from text
2026-01-09T04:35:37.098808,6215,B,3378,561,3939,Qwen3-Next-80B-A3B-Instruct,Estimated from text
2026-01-09T04:35:47.411546,6217,S,1849,1949,3798,Qwen3-Next-80B-A3B-Instruct,Estimated from text
2026-01-09T04:35:50.827767,6217,A,5833,613,6446,Qwen3-Next-80B-A3B-Instruct,Estimated from text
2026-01-09T04:41:06.543353,6217,B,3246,929,4175,Qwen3-Next-80B-A3B-Instruct,Estimated from text
2026-01-09T04:41:21.553432,6218,S,1849,2286,4135,Qwen3-Next-80B-A3B-Instruct,Estimated from text
2026-01-09T04:41:26.278160,6218,A,6171,631,6802,Qwen3-Next-80B-A3B-Instruct,Estimated from text
2026-01-09T04:41:30.005833,6218,B,3258,509,3767,Qwen3-Next-80B-A3B-Instruct,Estimated from text
2026-01-09T04:41:41.684453,6219,S,1849,1646,3495,Qwen3-Next-80B-A3B-Instruct,Estimated from text
2026-01-09T04:41:47.508666,6219,A,5523,975,6498,Qwen3-Next-80B-A3B-Instruct,Estimated from text
2026-01-09T04:41:51.127377,6219,B,3602,515,4117,Qwen3-Next-80B-A3B-Instruct,Estimated from text
2026-01-09T04:42:03.546437,6221,S,1849,1890,3739,Qwen3-Next-80B-A3B-Instruct,Estimated from text
2026-01-09T04:42:08.971056,6221,A,5776,824,6600,Qwen3-Next-80B-A3B-Instruct,Estimated from text
2026-01-09T04:42:12.590440,6221,B,3456,560,4016,Qwen3-Next-80B-A3B-Instruct,Estimated from text
2026-01-09T04:42:22.084001,6222,S,1849,1469,3318,Qwen3-Next-80B-A3B-Instruct,Estimated from text
2026-01-09T04:42:26.706740,6222,A,5347,614,5961,Qwen3-Next-80B-A3B-Instruct,Estimated from text
2026-01-09T04:42:30.125758,6222,B,3243,470,3713,Qwen3-Next-80B-A3B-Instruct,Estimated from text
2026-01-09T04:42:41.223182,6223,S,1849,1638,3487,Qwen3-Next-80B-A3B-Instruct,Estimated from text
2026-01-09T04:42:45.441241,6223,A,5516,604,6120,Qwen3-Next-80B-A3B-Instruct,Estimated from text
2026-01-09T04:42:48.861800,6223,B,3233,448,3681,Qwen3-Next-80B-A3B-Instruct,Estimated from text
2026-01-09T04:42:59.548695,6224,S,1849,1695,3544,Qwen3-Next-80B-A3B-Instruct,Estimated from text
2026-01-09T04:43:04.172311,6224,A,5571,663,6234,Qwen3-Next-80B-A3B-Instruct,Estimated from text
2026-01-09T04:43:07.888788,6224,B,3292,544,3836,Qwen3-Next-80B-A3B-Instruct,Estimated from text
2026-01-09T04:43:19.370276,6225,S,1849,1759,3608,Qwen3-Next-80B-A3B-Instruct,Estimated from text
2026-01-09T04:43:24.694796,6225,A,5640,772,6412,Qwen3-Next-80B-A3B-Instruct,Estimated from text
2026-01-09T04:43:28.211131,6225,B,3401,451,3852,Qwen3-Next-80B-A3B-Instruct,Estimated from text
2026-01-09T04:43:39.096498,6226,S,1849,1739,3588,Qwen3-Next-80B-A3B-Instruct,Estimated from text
2026-01-09T04:43:44.119328,6226,A,5618,737,6355,Qwen3-Next-80B-A3B-Instruct,Estimated from text
2026-01-09T04:43:50.448993,6226,B,3366,832,4198,Qwen3-Next-80B-A3B-Instruct,Estimated from text
2026-01-09T04:44:02.028263,6227,S,1849,1668,3517,Qwen3-Next-80B-A3B-Instruct,Estimated from text
2026-01-09T04:44:07.053742,6227,A,5550,718,6268,Qwen3-Next-80B-A3B-Instruct,Estimated from text
2026-01-09T04:44:10.772631,6227,B,3347,472,3819,Qwen3-Next-80B-A3B-Instruct,Estimated from text
2026-01-09T04:44:21.866475,6228,S,1849,1728,3577,Qwen3-Next-80B-A3B-Instruct,Estimated from text
2026-01-09T04:44:26.496435,6228,A,5607,715,6322,Qwen3-Next-80B-A3B-Instruct,Estimated from text
2026-01-09T04:44:30.319867,6228,B,3344,572,3916,Qwen3-Next-80B-A3B-Instruct,Estimated from text
2026-01-09T04:44:43.120452,6229,S,1849,1926,3775,Qwen3-Next-80B-A3B-Instruct,Estimated from text
2026-01-09T04:44:47.743722,6229,A,5807,538,6345,Qwen3-Next-80B-A3B-Instruct,Estimated from text
2026-01-09T04:44:51.763548,6229,B,3167,536,3703,Qwen3-Next-80B-A3B-Instruct,Estimated from text
2026-01-09T04:45:04.961099,6230,S,1849,2101,3950,Qwen3-Next-80B-A3B-Instruct,Estimated from text
2026-01-09T04:45:09.894336,6230,A,5984,661,6645,Qwen3-Next-80B-A3B-Instruct,Estimated from text
2026-01-09T04:45:13.411767,6230,B,3290,469,3759,Qwen3-Next-80B-A3B-Instruct,Estimated from text
2026-01-09T04:45:25.900821,6231,S,1849,1800,3649,Qwen3-Next-80B-A3B-Instruct,Estimated from text
2026-01-09T04:45:30.422027,6231,A,5679,613,6292,Qwen3-Next-80B-A3B-Instruct,Estimated from text
2026-01-09T04:45:33.737877,6231,B,3242,420,3662,Qwen3-Next-80B-A3B-Instruct,Estimated from text
2026-01-09T04:45:46.217349,6232,S,1849,1971,3820,Qwen3-Next-80B-A3B-Instruct,Estimated from text
2026-01-09T04:45:51.639752,6232,A,5852,876,6728,Qwen3-Next-80B-A3B-Instruct,Estimated from text
2026-01-09T04:45:55.356020,6232,B,3504,522,4026,Qwen3-Next-80B-A3B-Instruct,Estimated from text
2026-01-09T04:46:07.648791,6233,S,1849,2051,3900,Qwen3-Next-80B-A3B-Instruct,Estimated from text
2026-01-09T04:46:12.472292,6233,A,5933,750,6683,Qwen3-Next-80B-A3B-Instruct,Estimated from text
2026-01-09T04:46:15.689407,6233,B,3378,494,3872,Qwen3-Next-80B-A3B-Instruct,Estimated from text
2026-01-09T04:46:27.499070,6235,S,1849,1747,3596,Qwen3-Next-80B-A3B-Instruct,Estimated from text
2026-01-09T04:46:31.723241,6235,A,5630,635,6265,Qwen3-Next-80B-A3B-Instruct,Estimated from text
2026-01-09T04:46:35.443880,6235,B,3266,584,3850,Qwen3-Next-80B-A3B-Instruct,Estimated from text
2026-01-09T04:46:48.246130,6236,S,1849,1821,3670,Qwen3-Next-80B-A3B-Instruct,Estimated from text
2026-01-09T04:46:52.767317,6236,A,5706,601,6307,Qwen3-Next-80B-A3B-Instruct,Estimated from text
2026-01-09T04:46:55.685330,6236,B,3232,357,3589,Qwen3-Next-80B-A3B-Instruct,Estimated from text
2026-01-09T04:47:07.465613,6237,S,1849,1836,3685,Qwen3-Next-80B-A3B-Instruct,Estimated from text
2026-01-09T04:47:12.690666,6237,A,5718,775,6493,Qwen3-Next-80B-A3B-Instruct,Estimated from text
2026-01-09T04:47:16.108222,6237,B,3406,468,3874,Qwen3-Next-80B-A3B-Instruct,Estimated from text
2026-01-09T04:47:30.195916,6238,S,1849,2214,4063,Qwen3-Next-80B-A3B-Instruct,Estimated from text
2026-01-09T04:47:35.216455,6238,A,6100,802,6902,Qwen3-Next-80B-A3B-Instruct,Estimated from text
2026-01-09T04:47:38.233185,6238,B,3433,481,3914,Qwen3-Next-80B-A3B-Instruct,Estimated from text
2026-01-09T04:47:51.027151,6239,S,1849,1893,3742,Qwen3-Next-80B-A3B-Instruct,Estimated from text
2026-01-09T04:47:55.548962,6239,A,5775,780,6555,Qwen3-Next-80B-A3B-Instruct,Estimated from text
2026-01-09T04:47:59.668016,6239,B,3411,594,4005,Qwen3-Next-80B-A3B-Instruct,Estimated from text
2026-01-09T04:48:10.858924,6240,S,1849,1556,3405,Qwen3-Next-80B-A3B-Instruct,Estimated from text
2026-01-09T04:48:15.079553,6240,A,5436,584,6020,Qwen3-Next-80B-A3B-Instruct,Estimated from text
2026-01-09T04:48:18.296963,6240,B,3215,438,3653,Qwen3-Next-80B-A3B-Instruct,Estimated from text
2026-01-09T04:48:32.589162,6241,S,1849,2255,4104,Qwen3-Next-80B-A3B-Instruct,Estimated from text
2026-01-09T04:48:37.514120,6241,A,6141,743,6884,Qwen3-Next-80B-A3B-Instruct,Estimated from text
2026-01-09T04:48:40.528989,6241,B,3374,456,3830,Qwen3-Next-80B-A3B-Instruct,Estimated from text
2026-01-09T04:48:55.829373,6242,S,1849,2301,4150,Qwen3-Next-80B-A3B-Instruct,Estimated from text
2026-01-09T04:49:01.155500,6242,A,6192,732,6924,Qwen3-Next-80B-A3B-Instruct,Estimated from text
2026-01-09T04:49:05.079910,6242,B,3363,502,3865,Qwen3-Next-80B-A3B-Instruct,Estimated from text
2026-01-09T04:49:19.275646,6243,S,1849,2013,3862,Qwen3-Next-80B-A3B-Instruct,Estimated from text
2026-01-09T04:49:24.799160,6243,A,5895,831,6726,Qwen3-Next-80B-A3B-Instruct,Estimated from text
2026-01-09T04:49:28.819043,6243,B,3459,557,4016,Qwen3-Next-80B-A3B-Instruct,Estimated from text
2026-01-09T04:49:42.725771,6244,S,1849,2474,4323,Qwen3-Next-80B-A3B-Instruct,Estimated from text
2026-01-09T04:49:49.453809,6244,A,6357,987,7344,Qwen3-Next-80B-A3B-Instruct,Estimated from text
2026-01-09T04:49:53.572836,6244,B,3614,555,4169,Qwen3-Next-80B-A3B-Instruct,Estimated from text
2026-01-09T05:05:05.059277,6245,S,1849,2031,3880,Qwen3-Next-80B-A3B-Instruct,Estimated from text
2026-01-09T05:05:11.286330,6245,A,5913,1014,6927,Qwen3-Next-80B-A3B-Instruct,Estimated from text
2026-01-09T05:05:18.019720,6245,B,3642,1170,4812,Qwen3-Next-80B-A3B-Instruct,Estimated from text
2026-01-09T05:05:28.842161,6247,S,1849,2013,3862,Qwen3-Next-80B-A3B-Instruct,Estimated from text
2026-01-09T05:05:35.371896,6247,A,5890,1365,7255,Qwen3-Next-80B-A3B-Instruct,Estimated from text
2026-01-09T05:05:38.689300,6247,B,3989,538,4527,Qwen3-Next-80B-A3B-Instruct,Estimated from text
2026-01-09T05:05:52.898285,6249,S,1849,2225,4074,Qwen3-Next-80B-A3B-Instruct,Estimated from text
2026-01-09T05:05:56.214123,6249,A,6103,561,6664,Qwen3-Next-80B-A3B-Instruct,Estimated from text
2026-01-09T05:05:58.843755,6249,B,3187,378,3565,Qwen3-Next-80B-A3B-Instruct,Estimated from text
2026-01-09T05:06:07.815215,6250,S,1849,1752,3601,Qwen3-Next-80B-A3B-Instruct,Estimated from text
2026-01-09T05:06:12.238695,6250,A,5631,845,6476,Qwen3-Next-80B-A3B-Instruct,Estimated from text
2026-01-09T05:06:15.355878,6250,B,3471,445,3916,Qwen3-Next-80B-A3B-Instruct,Estimated from text
2026-01-09T05:06:25.260721,6251,S,1849,1770,3619,Qwen3-Next-80B-A3B-Instruct,Estimated from text
2026-01-09T05:06:29.782836,6251,A,5648,696,6344,Qwen3-Next-80B-A3B-Instruct,Estimated from text
2026-01-09T05:06:32.802014,6251,B,3321,483,3804,Qwen3-Next-80B-A3B-Instruct,Estimated from text
2026-01-09T05:06:45.802313,6253,S,1849,2250,4099,Qwen3-Next-80B-A3B-Instruct,Estimated from text
2026-01-09T05:06:50.022977,6253,A,6136,756,6892,Qwen3-Next-80B-A3B-Instruct,Estimated from text
2026-01-09T05:06:54.444292,6253,B,3383,601,3984,Qwen3-Next-80B-A3B-Instruct,Estimated from text
2026-01-09T05:07:05.037334,6254,S,1849,1752,3601,Qwen3-Next-80B-A3B-Instruct,Estimated from text
2026-01-09T05:07:09.757703,6254,A,5632,892,6524,Qwen3-Next-80B-A3B-Instruct,Estimated from text
2026-01-09T05:07:12.877210,6254,B,3519,608,4127,Qwen3-Next-80B-A3B-Instruct,Estimated from text
2026-01-09T05:07:23.146849,6255,S,1849,1894,3743,Qwen3-Next-80B-A3B-Instruct,Estimated from text
2026-01-09T05:07:26.463399,6255,A,5769,639,6408,Qwen3-Next-80B-A3B-Instruct,Estimated from text
2026-01-09T05:07:29.579840,6255,B,3266,585,3851,Qwen3-Next-80B-A3B-Instruct,Estimated from text
2026-01-09T05:07:38.554699,6256,S,1849,1607,3456,Qwen3-Next-80B-A3B-Instruct,Estimated from text
2026-01-09T05:07:41.870879,6256,A,5483,566,6049,Qwen3-Next-80B-A3B-Instruct,Estimated from text
2026-01-09T05:07:45.184670,6256,B,3192,587,3779,Qwen3-Next-80B-A3B-Instruct,Estimated from text
2026-01-09T05:07:54.059493,6257,S,1849,1566,3415,Qwen3-Next-80B-A3B-Instruct,Estimated from text
2026-01-09T05:07:58.087745,6257,A,5436,772,6208,Qwen3-Next-80B-A3B-Instruct,Estimated from text
2026-01-09T05:08:00.803862,6257,B,3393,454,3847,Qwen3-Next-80B-A3B-Instruct,Estimated from text
2026-01-09T05:08:13.901204,6258,S,1849,2256,4105,Qwen3-Next-80B-A3B-Instruct,Estimated from text
2026-01-09T05:08:18.134092,6258,A,6132,651,6783,Qwen3-Next-80B-A3B-Instruct,Estimated from text
2026-01-09T05:08:21.348758,6258,B,3272,452,3724,Qwen3-Next-80B-A3B-Instruct,Estimated from text
2026-01-09T05:08:31.591565,6261,S,1849,1770,3619,Qwen3-Next-80B-A3B-Instruct,Estimated from text
2026-01-09T05:08:36.519017,6261,A,5646,984,6630,Qwen3-Next-80B-A3B-Instruct,Estimated from text
2026-01-09T05:08:39.332291,6261,B,3611,472,4083,Qwen3-Next-80B-A3B-Instruct,Estimated from text
2026-01-09T05:08:49.729840,6262,S,1849,1969,3818,Qwen3-Next-80B-A3B-Instruct,Estimated from text
2026-01-09T05:08:53.949503,6262,A,5847,762,6609,Qwen3-Next-80B-A3B-Instruct,Estimated from text
2026-01-09T05:08:57.064806,6262,B,3389,604,3993,Qwen3-Next-80B-A3B-Instruct,Estimated from text
2026-01-09T05:09:07.352116,6263,S,1849,1868,3717,Qwen3-Next-80B-A3B-Instruct,Estimated from text
2026-01-09T05:09:13.277395,6263,A,5748,1044,6792,Qwen3-Next-80B-A3B-Instruct,Estimated from text
2026-01-09T05:09:16.391211,6263,B,3671,621,4292,Qwen3-Next-80B-A3B-Instruct,Estimated from text
2026-01-09T05:09:27.490973,6264,S,1849,1843,3692,Qwen3-Next-80B-A3B-Instruct,Estimated from text
2026-01-09T05:09:31.728801,6264,A,5723,706,6429,Qwen3-Next-80B-A3B-Instruct,Estimated from text
2026-01-09T05:09:34.945924,6264,B,3333,525,3858,Qwen3-Next-80B-A3B-Instruct,Estimated from text
2026-01-09T05:09:44.633429,6265,S,1849,1859,3708,Qwen3-Next-80B-A3B-Instruct,Estimated from text
2026-01-09T05:09:48.856437,6265,A,5733,774,6507,Qwen3-Next-80B-A3B-Instruct,Estimated from text
2026-01-09T05:09:51.778595,6265,B,3398,531,3929,Qwen3-Next-80B-A3B-Instruct,Estimated from text
2026-01-09T05:10:01.799207,6267,S,1849,1768,3617,Qwen3-Next-80B-A3B-Instruct,Estimated from text
2026-01-09T05:10:05.619673,6267,A,5645,689,6334,Qwen3-Next-80B-A3B-Instruct,Estimated from text
2026-01-09T05:10:08.440330,6267,B,3315,410,3725,Qwen3-Next-80B-A3B-Instruct,Estimated from text
2026-01-09T05:10:18.627231,6268,S,1849,1709,3558,Qwen3-Next-80B-A3B-Instruct,Estimated from text
2026-01-09T05:10:22.948895,6268,A,5581,808,6389,Qwen3-Next-80B-A3B-Instruct,Estimated from text
2026-01-09T05:10:26.264488,6268,B,3426,639,4065,Qwen3-Next-80B-A3B-Instruct,Estimated from text
2026-01-09T05:10:37.194995,6270,S,1849,2088,3937,Qwen3-Next-80B-A3B-Instruct,Estimated from text
2026-01-09T05:10:41.616087,6270,A,5964,856,6820,Qwen3-Next-80B-A3B-Instruct,Estimated from text
2026-01-09T05:10:46.337696,6270,B,3477,822,4299,Qwen3-Next-80B-A3B-Instruct,Estimated from text
2026-01-09T05:10:56.813127,6271,S,1849,1825,3674,Qwen3-Next-80B-A3B-Instruct,Estimated from text
2026-01-09T05:11:01.335900,6271,A,5693,915,6608,Qwen3-Next-80B-A3B-Instruct,Estimated from text
2026-01-09T05:11:04.553947,6271,B,3531,595,4126,Qwen3-Next-80B-A3B-Instruct,Estimated from text
2026-01-09T05:11:17.768800,6273,S,1849,2457,4306,Qwen3-Next-80B-A3B-Instruct,Estimated from text
2026-01-09T05:11:21.284304,6273,A,6329,619,6948,Qwen3-Next-80B-A3B-Instruct,Estimated from text
2026-01-09T05:11:24.308570,6273,B,3234,521,3755,Qwen3-Next-80B-A3B-Instruct,Estimated from text
2026-01-09T05:11:33.791020,6274,S,1849,1568,3417,Qwen3-Next-80B-A3B-Instruct,Estimated from text
2026-01-09T05:11:37.909260,6274,A,5436,719,6155,Qwen3-Next-80B-A3B-Instruct,Estimated from text
2026-01-09T05:11:41.129402,6274,B,3333,560,3893,Qwen3-Next-80B-A3B-Instruct,Estimated from text
2026-01-09T05:11:52.918418,6275,S,1849,1740,3589,Qwen3-Next-80B-A3B-Instruct,Estimated from text
2026-01-09T05:11:57.947133,6275,A,5607,830,6437,Qwen3-Next-80B-A3B-Instruct,Estimated from text
2026-01-09T05:12:01.162991,6275,B,3444,492,3936,Qwen3-Next-80B-A3B-Instruct,Estimated from text
2026-01-09T05:12:13.188116,6277,S,1849,2184,4033,Qwen3-Next-80B-A3B-Instruct,Estimated from text
2026-01-09T05:12:18.411172,6277,A,6048,888,6936,Qwen3-Next-80B-A3B-Instruct,Estimated from text
2026-01-09T05:12:21.526606,6277,B,3497,522,4019,Qwen3-Next-80B-A3B-Instruct,Estimated from text
2026-01-09T05:12:31.612787,6278,S,1849,1719,3568,Qwen3-Next-80B-A3B-Instruct,Estimated from text
2026-01-09T05:12:36.736791,6278,A,5580,951,6531,Qwen3-Next-80B-A3B-Instruct,Estimated from text
2026-01-09T05:12:40.054042,6278,B,3560,589,4149,Qwen3-Next-80B-A3B-Instruct,Estimated from text
2026-01-09T05:12:50.645484,6280,S,1849,1937,3786,Qwen3-Next-80B-A3B-Instruct,Estimated from text
2026-01-09T05:12:54.565187,6280,A,5799,642,6441,Qwen3-Next-80B-A3B-Instruct,Estimated from text
2026-01-09T05:12:57.477680,6280,B,3251,456,3707,Qwen3-Next-80B-A3B-Instruct,Estimated from text
2026-01-09T05:13:07.254884,6281,S,1849,1779,3628,Qwen3-Next-80B-A3B-Instruct,Estimated from text
2026-01-09T05:13:11.372929,6281,A,5637,666,6303,Qwen3-Next-80B-A3B-Instruct,Estimated from text
2026-01-09T05:13:14.290082,6281,B,3273,501,3774,Qwen3-Next-80B-A3B-Instruct,Estimated from text
2026-01-09T05:13:23.882670,6283,S,1849,1904,3753,Qwen3-Next-80B-A3B-Instruct,Estimated from text
2026-01-09T05:13:27.803935,6283,A,5766,620,6386,Qwen3-Next-80B-A3B-Instruct,Estimated from text
2026-01-09T05:13:30.919570,6283,B,3228,553,3781,Qwen3-Next-80B-A3B-Instruct,Estimated from text
2026-01-09T05:13:40.813940,6284,S,1849,1886,3735,Qwen3-Next-80B-A3B-Instruct,Estimated from text
2026-01-09T05:13:45.738433,6284,A,5749,870,6619,Qwen3-Next-80B-A3B-Instruct,Estimated from text
2026-01-09T05:13:49.257650,6284,B,3478,544,4022,Qwen3-Next-80B-A3B-Instruct,Estimated from text
2026-01-09T05:13:58.739942,6285,S,1849,1921,3770,Qwen3-Next-80B-A3B-Instruct,Estimated from text
2026-01-09T05:14:04.872377,6285,A,5781,1191,6972,Qwen3-Next-80B-A3B-Instruct,Estimated from text
2026-01-09T05:14:08.289328,6285,B,3798,637,4435,Qwen3-Next-80B-A3B-Instruct,Estimated from text
2026-01-09T05:14:17.191565,6287,S,1849,1545,3394,Qwen3-Next-80B-A3B-Instruct,Estimated from text
2026-01-09T05:14:22.019275,6287,A,5406,879,6285,Qwen3-Next-80B-A3B-Instruct,Estimated from text
2026-01-09T05:14:25.435853,6287,B,3489,527,4016,Qwen3-Next-80B-A3B-Instruct,Estimated from text
2026-01-09T05:14:34.729493,6289,S,1849,1694,3543,Qwen3-Next-80B-A3B-Instruct,Estimated from text
2026-01-09T05:14:39.048934,6289,A,5550,763,6313,Qwen3-Next-80B-A3B-Instruct,Estimated from text
2026-01-09T05:14:42.062838,6289,B,3368,579,3947,Qwen3-Next-80B-A3B-Instruct,Estimated from text
2026-01-09T05:14:51.565208,6291,S,1849,1733,3582,Qwen3-Next-80B-A3B-Instruct,Estimated from text
2026-01-09T05:14:55.088117,6291,A,5589,642,6231,Qwen3-Next-80B-A3B-Instruct,Estimated from text
2026-01-09T05:14:57.902135,6291,B,3249,585,3834,Qwen3-Next-80B-A3B-Instruct,Estimated from text
2026-01-09T05:15:08.690121,6292,S,1849,2056,3905,Qwen3-Next-80B-A3B-Instruct,Estimated from text
2026-01-09T05:15:13.112394,6292,A,5918,698,6616,Qwen3-Next-80B-A3B-Instruct,Estimated from text
2026-01-09T05:15:18.339982,6292,B,3305,807,4112,Qwen3-Next-80B-A3B-Instruct,Estimated from text
2026-01-09T05:15:29.428493,6293,S,1849,1960,3809,Qwen3-Next-80B-A3B-Instruct,Estimated from text
2026-01-09T05:15:33.245355,6293,A,5817,696,6513,Qwen3-Next-80B-A3B-Instruct,Estimated from text
2026-01-09T05:15:36.461695,6293,B,3300,561,3861,Qwen3-Next-80B-A3B-Instruct,Estimated from text
2026-01-09T05:15:47.450332,6294,S,1849,1977,3826,Qwen3-Next-80B-A3B-Instruct,Estimated from text
2026-01-09T05:15:51.972202,6294,A,5833,834,6667,Qwen3-Next-80B-A3B-Instruct,Estimated from text
2026-01-09T05:15:55.092394,6294,B,3438,510,3948,Qwen3-Next-80B-A3B-Instruct,Estimated from text
2026-01-09T05:16:05.123597,6297,S,1849,1719,3568,Qwen3-Next-80B-A3B-Instruct,Estimated from text
2026-01-09T05:16:09.444239,6297,A,5580,684,6264,Qwen3-Next-80B-A3B-Instruct,Estimated from text
2026-01-09T05:16:13.061207,6297,B,3294,531,3825,Qwen3-Next-80B-A3B-Instruct,Estimated from text
2026-01-09T05:16:22.548765,6298,S,1849,1745,3594,Qwen3-Next-80B-A3B-Instruct,Estimated from text
2026-01-09T05:16:26.671365,6298,A,5601,645,6246,Qwen3-Next-80B-A3B-Instruct,Estimated from text
2026-01-09T05:16:29.587383,6298,B,3250,408,3658,Qwen3-Next-80B-A3B-Instruct,Estimated from text
2026-01-09T05:16:39.854891,6299,S,1849,1851,3700,Qwen3-Next-80B-A3B-Instruct,Estimated from text
2026-01-09T05:16:44.381671,6299,A,5706,797,6503,Qwen3-Next-80B-A3B-Instruct,Estimated from text
2026-01-09T05:16:47.297310,6299,B,3402,479,3881,Qwen3-Next-80B-A3B-Instruct,Estimated from text
2026-01-09T05:16:57.493197,6301,S,1849,1926,3775,Qwen3-Next-80B-A3B-Instruct,Estimated from text
2026-01-09T05:17:01.013119,6301,A,5783,672,6455,Qwen3-Next-80B-A3B-Instruct,Estimated from text
2026-01-09T05:17:04.130137,6301,B,3279,491,3770,Qwen3-Next-80B-A3B-Instruct,Estimated from text
2026-01-09T05:17:13.522330,6302,S,1849,1974,3823,Qwen3-Next-80B-A3B-Instruct,Estimated from text
2026-01-09T05:17:17.240332,6302,A,5829,611,6440,Qwen3-Next-80B-A3B-Instruct,Estimated from text
2026-01-09T05:17:20.556937,6302,B,3216,481,3697,Qwen3-Next-80B-A3B-Instruct,Estimated from text
2026-01-09T05:17:30.853859,6303,S,1849,1875,3724,Qwen3-Next-80B-A3B-Instruct,Estimated from text
2026-01-09T05:17:34.577285,6303,A,5730,774,6504,Qwen3-Next-80B-A3B-Instruct,Estimated from text
2026-01-09T05:17:37.592219,6303,B,3379,491,3870,Qwen3-Next-80B-A3B-Instruct,Estimated from text
2026-01-09T05:17:47.597443,6305,S,1849,1833,3682,Qwen3-Next-80B-A3B-Instruct,Estimated from text
2026-01-09T05:17:54.029215,6305,A,5693,1158,6851,Qwen3-Next-80B-A3B-Instruct,Estimated from text
2026-01-09T05:17:56.867133,6305,B,3762,525,4287,Qwen3-Next-80B-A3B-Instruct,Estimated from text
2026-01-09T05:18:06.854319,6307,S,1849,1872,3721,Qwen3-Next-80B-A3B-Instruct,Estimated from text
2026-01-09T05:18:10.370334,6307,A,5733,657,6390,Qwen3-Next-80B-A3B-Instruct,Estimated from text
2026-01-09T05:18:13.284127,6307,B,3265,543,3808,Qwen3-Next-80B-A3B-Instruct,Estimated from text
2026-01-09T05:18:22.059818,6308,S,1849,1713,3562,Qwen3-Next-80B-A3B-Instruct,Estimated from text
2026-01-09T05:18:25.679899,6308,A,5572,730,6302,Qwen3-Next-80B-A3B-Instruct,Estimated from text
2026-01-09T05:18:28.593488,6308,B,3339,522,3861,Qwen3-Next-80B-A3B-Instruct,Estimated from text
2026-01-09T05:18:37.259985,6309,S,1849,1548,3397,Qwen3-Next-80B-A3B-Instruct,Estimated from text
2026-01-09T05:18:40.976741,6309,A,5404,675,6079,Qwen3-Next-80B-A3B-Instruct,Estimated from text
2026-01-09T05:18:43.893446,6309,B,3279,458,3737,Qwen3-Next-80B-A3B-Instruct,Estimated from text
2026-01-09T05:18:52.891821,6310,S,1849,1673,3522,Qwen3-Next-80B-A3B-Instruct,Estimated from text
2026-01-09T05:18:56.408520,6310,A,5526,577,6103,Qwen3-Next-80B-A3B-Instruct,Estimated from text
2026-01-09T05:18:59.521851,6310,B,3182,423,3605,Qwen3-Next-80B-A3B-Instruct,Estimated from text
2026-01-09T05:19:10.349836,6313,S,1849,2013,3862,Qwen3-Next-80B-A3B-Instruct,Estimated from text
2026-01-09T05:19:14.269865,6313,A,5880,678,6558,Qwen3-Next-80B-A3B-Instruct,Estimated from text
2026-01-09T05:19:17.182531,6313,B,3289,463,3752,Qwen3-Next-80B-A3B-Instruct,Estimated from text
2026-01-09T05:19:26.155657,6314,S,1849,1626,3475,Qwen3-Next-80B-A3B-Instruct,Estimated from text
2026-01-09T05:19:30.176779,6314,A,5484,635,6119,Qwen3-Next-80B-A3B-Instruct,Estimated from text
2026-01-09T05:19:33.190150,6314,B,3243,468,3711,Qwen3-Next-80B-A3B-Instruct,Estimated from text
2026-01-09T05:19:42.466891,6315,S,1849,1791,3640,Qwen3-Next-80B-A3B-Instruct,Estimated from text
2026-01-09T05:19:46.789113,6315,A,5650,730,6380,Qwen3-Next-80B-A3B-Instruct,Estimated from text
2026-01-09T05:19:49.703794,6315,B,3338,485,3823,Qwen3-Next-80B-A3B-Instruct,Estimated from text
2026-01-09T05:19:57.886533,6316,S,1849,1604,3453,Qwen3-Next-80B-A3B-Instruct,Estimated from text
2026-01-09T05:20:01.807807,6316,A,5460,727,6187,Qwen3-Next-80B-A3B-Instruct,Estimated from text
2026-01-09T05:20:04.822283,6316,B,3335,487,3822,Qwen3-Next-80B-A3B-Instruct,Estimated from text
2026-01-09T05:20:15.893879,6317,S,1849,1971,3820,Qwen3-Next-80B-A3B-Instruct,Estimated from text
2026-01-09T05:20:19.913663,6317,A,5832,678,6510,Qwen3-Next-80B-A3B-Instruct,Estimated from text
2026-01-09T05:20:23.028682,6317,B,3286,505,3791,Qwen3-Next-80B-A3B-Instruct,Estimated from text
2026-01-09T05:20:32.500271,6318,S,1849,1659,3508,Qwen3-Next-80B-A3B-Instruct,Estimated from text
2026-01-09T05:20:37.427233,6318,A,5517,732,6249,Qwen3-Next-80B-A3B-Instruct,Estimated from text
2026-01-09T05:20:40.043781,6318,B,3340,412,3752,Qwen3-Next-80B-A3B-Instruct,Estimated from text
2026-01-09T05:20:49.506774,6319,S,1849,1628,3477,Qwen3-Next-80B-A3B-Instruct,Estimated from text
2026-01-09T05:20:53.928432,6319,A,5485,705,6190,Qwen3-Next-80B-A3B-Instruct,Estimated from text
2026-01-09T05:20:57.547458,6319,B,3313,528,3841,Qwen3-Next-80B-A3B-Instruct,Estimated from text
2026-01-09T05:21:07.419266,6320,S,1849,1710,3559,Qwen3-Next-80B-A3B-Instruct,Estimated from text
2026-01-09T05:21:11.740529,6320,A,5571,779,6350,Qwen3-Next-80B-A3B-Instruct,Estimated from text
2026-01-09T05:21:15.057402,6320,B,3387,539,3926,Qwen3-Next-80B-A3B-Instruct,Estimated from text
2026-01-09T05:21:25.743624,6321,S,1849,2005,3854,Qwen3-Next-80B-A3B-Instruct,Estimated from text
2026-01-09T05:21:30.166956,6321,A,5864,804,6668,Qwen3-Next-80B-A3B-Instruct,Estimated from text
2026-01-09T05:21:33.383308,6321,B,3411,574,3985,Qwen3-Next-80B-A3B-Instruct,Estimated from text
2026-01-09T05:21:45.272314,6322,S,1849,1985,3834,Qwen3-Next-80B-A3B-Instruct,Estimated from text
2026-01-09T05:21:50.601885,6322,A,5847,888,6735,Qwen3-Next-80B-A3B-Instruct,Estimated from text
2026-01-09T05:21:53.719000,6322,B,3496,473,3969,Qwen3-Next-80B-A3B-Instruct,Estimated from text
2026-01-09T05:22:03.889231,6323,S,1849,2055,3904,Qwen3-Next-80B-A3B-Instruct,Estimated from text
2026-01-09T05:22:09.522434,6323,A,5915,1056,6971,Qwen3-Next-80B-A3B-Instruct,Estimated from text
2026-01-09T05:22:12.536169,6323,B,3664,457,4121,Qwen3-Next-80B-A3B-Instruct,Estimated from text
2026-01-09T05:22:21.803044,6324,S,1849,1758,3607,Qwen3-Next-80B-A3B-Instruct,Estimated from text
2026-01-09T05:22:25.620688,6324,A,5616,643,6259,Qwen3-Next-80B-A3B-Instruct,Estimated from text
2026-01-09T05:22:28.738692,6324,B,3251,466,3717,Qwen3-Next-80B-A3B-Instruct,Estimated from text
2026-01-09T05:22:39.349607,6326,S,1849,1975,3824,Qwen3-Next-80B-A3B-Instruct,Estimated from text
2026-01-09T05:22:43.568795,6326,A,5837,825,6662,Qwen3-Next-80B-A3B-Instruct,Estimated from text
2026-01-09T05:22:46.485292,6326,B,3434,501,3935,Qwen3-Next-80B-A3B-Instruct,Estimated from text
2026-01-09T05:22:55.851547,6327,S,1849,1749,3598,Qwen3-Next-80B-A3B-Instruct,Estimated from text
2026-01-09T05:23:00.977125,6327,A,5609,881,6490,Qwen3-Next-80B-A3B-Instruct,Estimated from text
2026-01-09T05:23:04.293428,6327,B,3490,579,4069,Qwen3-Next-80B-A3B-Instruct,Estimated from text
2026-01-09T05:23:13.664899,6328,S,1849,1731,3580,Qwen3-Next-80B-A3B-Instruct,Estimated from text
2026-01-09T05:23:18.386428,6328,A,5589,805,6394,Qwen3-Next-80B-A3B-Instruct,Estimated from text
2026-01-09T05:23:22.004581,6328,B,3414,528,3942,Qwen3-Next-80B-A3B-Instruct,Estimated from text
2026-01-09T05:23:32.199995,6329,S,1849,1944,3793,Qwen3-Next-80B-A3B-Instruct,Estimated from text
2026-01-09T05:23:36.420483,6329,A,5805,725,6530,Qwen3-Next-80B-A3B-Instruct,Estimated from text
2026-01-09T05:23:39.536078,6329,B,3334,465,3799,Qwen3-Next-80B-A3B-Instruct,Estimated from text
2026-01-09T05:23:52.947541,6330,S,1849,2658,4507,Qwen3-Next-80B-A3B-Instruct,Estimated from text
2026-01-09T05:23:58.174782,6330,A,6527,867,7394,Qwen3-Next-80B-A3B-Instruct,Estimated from text
2026-01-09T05:24:01.893836,6330,B,3477,700,4177,Qwen3-Next-80B-A3B-Instruct,Estimated from text
2026-01-09T05:24:14.419602,6332,S,1849,2141,3990,Qwen3-Next-80B-A3B-Instruct,Estimated from text
2026-01-09T05:24:18.738994,6332,A,6011,801,6812,Qwen3-Next-80B-A3B-Instruct,Estimated from text
2026-01-09T05:24:21.554465,6332,B,3412,474,3886,Qwen3-Next-80B-A3B-Instruct,Estimated from text
2026-01-09T05:24:32.252922,6333,S,1849,2026,3875,Qwen3-Next-80B-A3B-Instruct,Estimated from text
2026-01-09T05:24:36.473554,6333,A,5892,826,6718,Qwen3-Next-80B-A3B-Instruct,Estimated from text
2026-01-09T05:24:39.691814,6333,B,3438,512,3950,Qwen3-Next-80B-A3B-Instruct,Estimated from text
2026-01-09T05:24:48.781535,6334,S,1849,1618,3467,Qwen3-Next-80B-A3B-Instruct,Estimated from text
2026-01-09T05:24:53.605988,6334,A,5479,789,6268,Qwen3-Next-80B-A3B-Instruct,Estimated from text
2026-01-09T05:24:56.119635,6334,B,3399,386,3785,Qwen3-Next-80B-A3B-Instruct,Estimated from text
2026-01-09T05:25:08.609909,6335,S,1849,2423,4272,Qwen3-Next-80B-A3B-Instruct,Estimated from text
2026-01-09T05:25:13.534532,6335,A,6289,891,7180,Qwen3-Next-80B-A3B-Instruct,Estimated from text
2026-01-09T05:25:16.652214,6335,B,3501,528,4029,Qwen3-Next-80B-A3B-Instruct,Estimated from text
2026-01-09T05:25:25.418300,6336,S,1849,1651,3500,Qwen3-Next-80B-A3B-Instruct,Estimated from text
2026-01-09T05:25:31.546922,6336,A,5509,958,6467,Qwen3-Next-80B-A3B-Instruct,Estimated from text
2026-01-09T05:25:34.768098,6336,B,3567,526,4093,Qwen3-Next-80B-A3B-Instruct,Estimated from text
2026-01-09T05:25:47.755981,6337,S,1849,2196,4045,Qwen3-Next-80B-A3B-Instruct,Estimated from text
2026-01-09T05:25:52.279087,6337,A,6066,718,6784,Qwen3-Next-80B-A3B-Instruct,Estimated from text
2026-01-09T05:25:55.292192,6337,B,3327,493,3820,Qwen3-Next-80B-A3B-Instruct,Estimated from text
2026-01-09T05:26:05.811714,6339,S,1849,1947,3796,Qwen3-Next-80B-A3B-Instruct,Estimated from text
2026-01-09T05:26:09.528651,6339,A,5821,639,6460,Qwen3-Next-80B-A3B-Instruct,Estimated from text
2026-01-09T05:26:13.150177,6339,B,3256,574,3830,Qwen3-Next-80B-A3B-Instruct,Estimated from text
2026-01-09T05:26:21.627899,6340,S,1849,1520,3369,Qwen3-Next-80B-A3B-Instruct,Estimated from text
2026-01-09T05:26:25.646698,6340,A,5385,603,5988,Qwen3-Next-80B-A3B-Instruct,Estimated from text
2026-01-09T05:26:28.661144,6340,B,3218,449,3667,Qwen3-Next-80B-A3B-Instruct,Estimated from text
2026-01-09T05:26:37.355826,6341,S,1849,1616,3465,Qwen3-Next-80B-A3B-Instruct,Estimated from text
2026-01-09T05:26:41.179181,6341,A,5483,553,6036,Qwen3-Next-80B-A3B-Instruct,Estimated from text
2026-01-09T05:26:44.498819,6341,B,3168,521,3689,Qwen3-Next-80B-A3B-Instruct,Estimated from text
2026-01-09T05:26:52.673621,6342,S,1849,1608,3457,Qwen3-Next-80B-A3B-Instruct,Estimated from text
2026-01-09T05:26:56.794669,6342,A,5475,789,6264,Qwen3-Next-80B-A3B-Instruct,Estimated from text
2026-01-09T05:27:00.315723,6342,B,3405,669,4074,Qwen3-Next-80B-A3B-Instruct,Estimated from text
2026-01-09T05:27:09.929666,6344,S,1849,1738,3587,Qwen3-Next-80B-A3B-Instruct,Estimated from text
2026-01-09T05:27:14.048576,6344,A,5603,777,6380,Qwen3-Next-80B-A3B-Instruct,Estimated from text
2026-01-09T05:27:17.069769,6344,B,3390,555,3945,Qwen3-Next-80B-A3B-Instruct,Estimated from text
2026-01-09T05:27:28.976365,6345,S,1849,2218,4067,Qwen3-Next-80B-A3B-Instruct,Estimated from text
2026-01-09T05:27:32.391889,6345,A,6087,606,6693,Qwen3-Next-80B-A3B-Instruct,Estimated from text
2026-01-09T05:27:37.717594,6345,B,3219,898,4117,Qwen3-Next-80B-A3B-Instruct,Estimated from text
2026-01-09T05:27:48.096401,6346,S,1849,2078,3927,Qwen3-Next-80B-A3B-Instruct,Estimated from text
2026-01-09T05:27:52.821509,6346,A,5940,914,6854,Qwen3-Next-80B-A3B-Instruct,Estimated from text
2026-01-09T05:27:56.144644,6346,B,3523,570,4093,Qwen3-Next-80B-A3B-Instruct,Estimated from text
2026-01-09T05:28:04.904338,6347,S,1849,1649,3498,Qwen3-Next-80B-A3B-Instruct,Estimated from text
2026-01-09T05:28:09.227400,6347,A,5508,723,6231,Qwen3-Next-80B-A3B-Instruct,Estimated from text
2026-01-09T05:28:14.249283,6347,B,3332,797,4129,Qwen3-Next-80B-A3B-Instruct,Estimated from text
2026-01-09T05:28:23.314159,6348,S,1849,1758,3607,Qwen3-Next-80B-A3B-Instruct,Estimated from text
2026-01-09T05:28:28.339873,6348,A,5619,972,6591,Qwen3-Next-80B-A3B-Instruct,Estimated from text
2026-01-09T05:28:31.766055,6348,B,3582,596,4178,Qwen3-Next-80B-A3B-Instruct,Estimated from text
2026-01-09T05:28:41.161972,6349,S,1849,1750,3599,Qwen3-Next-80B-A3B-Instruct,Estimated from text
2026-01-09T05:28:45.988654,6349,A,5609,853,6462,Qwen3-Next-80B-A3B-Instruct,Estimated from text
2026-01-09T05:28:50.012806,6349,B,3462,672,4134,Qwen3-Next-80B-A3B-Instruct,Estimated from text
2026-01-09T05:28:59.919625,6351,S,1849,1837,3686,Qwen3-Next-80B-A3B-Instruct,Estimated from text
2026-01-09T05:29:03.535311,6351,A,5708,635,6343,Qwen3-Next-80B-A3B-Instruct,Estimated from text
2026-01-09T05:29:06.451032,6351,B,3254,463,3717,Qwen3-Next-80B-A3B-Instruct,Estimated from text
2026-01-09T05:29:16.226486,6352,S,1849,1746,3595,Qwen3-Next-80B-A3B-Instruct,Estimated from text
2026-01-09T05:29:21.060574,6352,A,5610,810,6420,Qwen3-Next-80B-A3B-Instruct,Estimated from text
2026-01-09T05:29:24.279459,6352,B,3424,525,3949,Qwen3-Next-80B-A3B-Instruct,Estimated from text
2026-01-09T05:29:35.868548,6353,S,1849,2132,3981,Qwen3-Next-80B-A3B-Instruct,Estimated from text
2026-01-09T05:29:40.386103,6353,A,6000,798,6798,Qwen3-Next-80B-A3B-Instruct,Estimated from text
2026-01-09T05:29:43.904313,6353,B,3411,552,3963,Qwen3-Next-80B-A3B-Instruct,Estimated from text
2026-01-09T05:29:52.688325,6354,S,1849,1518,3367,Qwen3-Next-80B-A3B-Instruct,Estimated from text
2026-01-09T05:29:56.606895,6354,A,5379,636,6015,Qwen3-Next-80B-A3B-Instruct,Estimated from text
2026-01-09T05:29:59.621848,6354,B,3250,447,3697,Qwen3-Next-80B-A3B-Instruct,Estimated from text
2026-01-09T05:30:08.798060,6355,S,1849,1628,3477,Qwen3-Next-80B-A3B-Instruct,Estimated from text
2026-01-09T05:30:13.220270,6355,A,5491,738,6229,Qwen3-Next-80B-A3B-Instruct,Estimated from text
2026-01-09T05:30:16.738838,6355,B,3352,507,3859,Qwen3-Next-80B-A3B-Instruct,Estimated from text
2026-01-09T05:30:25.318526,6356,S,1849,1506,3355,Qwen3-Next-80B-A3B-Instruct,Estimated from text
2026-01-09T05:30:29.851601,6356,A,5369,788,6157,Qwen3-Next-80B-A3B-Instruct,Estimated from text
2026-01-09T05:30:33.165835,6356,B,3402,506,3908,Qwen3-Next-80B-A3B-Instruct,Estimated from text
2026-01-09T05:30:44.766750,6357,S,1849,2113,3962,Qwen3-Next-80B-A3B-Instruct,Estimated from text
2026-01-09T05:30:48.988535,6357,A,5985,677,6662,Qwen3-Next-80B-A3B-Instruct,Estimated from text
2026-01-09T05:30:51.815695,6357,B,3291,381,3672,Qwen3-Next-80B-A3B-Instruct,Estimated from text
2026-01-09T05:31:04.615245,6358,S,1849,2418,4267,Qwen3-Next-80B-A3B-Instruct,Estimated from text
2026-01-09T05:31:09.044404,6358,A,6291,682,6973,Qwen3-Next-80B-A3B-Instruct,Estimated from text
2026-01-09T05:31:12.057914,6358,B,3296,497,3793,Qwen3-Next-80B-A3B-Instruct,Estimated from text
2026-01-09T05:31:22.454343,6359,S,1849,2033,3882,Qwen3-Next-80B-A3B-Instruct,Estimated from text
2026-01-09T05:31:31.093284,6359,A,5899,1902,7801,Qwen3-Next-80B-A3B-Instruct,Estimated from text
2026-01-09T05:31:38.025122,6359,B,4515,1175,5690,Qwen3-Next-80B-A3B-Instruct,Estimated from text
2026-01-09T05:31:46.013624,6361,S,1849,1420,3269,Qwen3-Next-80B-A3B-Instruct,Estimated from text
2026-01-09T05:31:50.235535,6361,A,5281,703,5984,Qwen3-Next-80B-A3B-Instruct,Estimated from text
2026-01-09T05:31:53.353977,6361,B,3315,558,3873,Qwen3-Next-80B-A3B-Instruct,Estimated from text
2026-01-09T05:32:03.462783,6363,S,1849,1883,3732,Qwen3-Next-80B-A3B-Instruct,Estimated from text
2026-01-09T05:32:08.187147,6363,A,5751,861,6612,Qwen3-Next-80B-A3B-Instruct,Estimated from text
2026-01-09T05:32:11.605229,6363,B,3478,612,4090,Qwen3-Next-80B-A3B-Instruct,Estimated from text
2026-01-09T05:32:20.296443,6364,S,1849,1702,3551,Qwen3-Next-80B-A3B-Instruct,Estimated from text
2026-01-09T05:32:24.618195,6364,A,5563,738,6301,Qwen3-Next-80B-A3B-Instruct,Estimated from text
2026-01-09T05:32:28.036986,6364,B,3351,496,3847,Qwen3-Next-80B-A3B-Instruct,Estimated from text
2026-01-09T05:32:40.027850,6365,S,1849,2055,3904,Qwen3-Next-80B-A3B-Instruct,Estimated from text
2026-01-09T05:32:44.052033,6365,A,5925,735,6660,Qwen3-Next-80B-A3B-Instruct,Estimated from text
2026-01-09T05:32:46.969154,6365,B,3348,433,3781,Qwen3-Next-80B-A3B-Instruct,Estimated from text
2026-01-09T05:32:56.142226,6366,S,1849,1620,3469,Qwen3-Next-80B-A3B-Instruct,Estimated from text
2026-01-09T05:33:00.564146,6366,A,5484,795,6279,Qwen3-Next-80B-A3B-Instruct,Estimated from text
2026-01-09T05:33:03.579599,6366,B,3408,503,3911,Qwen3-Next-80B-A3B-Instruct,Estimated from text
2026-01-09T05:33:15.254330,6367,S,1849,2031,3880,Qwen3-Next-80B-A3B-Instruct,Estimated from text
2026-01-09T05:33:18.972970,6367,A,5901,678,6579,Qwen3-Next-80B-A3B-Instruct,Estimated from text
2026-01-09T05:33:21.689826,6367,B,3290,412,3702,Qwen3-Next-80B-A3B-Instruct,Estimated from text
2026-01-09T05:33:33.376252,6368,S,1849,2170,4019,Qwen3-Next-80B-A3B-Instruct,Estimated from text
2026-01-09T05:33:37.905847,6368,A,6040,717,6757,Qwen3-Next-80B-A3B-Instruct,Estimated from text
2026-01-09T05:33:40.926229,6368,B,3330,488,3818,Qwen3-Next-80B-A3B-Instruct,Estimated from text
2026-01-09T05:33:51.206439,6369,S,1849,1982,3831,Qwen3-Next-80B-A3B-Instruct,Estimated from text
2026-01-09T05:33:57.934019,6369,A,5845,1434,7279,Qwen3-Next-80B-A3B-Instruct,Estimated from text
2026-01-09T05:34:01.653603,6369,B,4047,597,4644,Qwen3-Next-80B-A3B-Instruct,Estimated from text
2026-01-09T05:34:11.553969,6371,S,1849,1815,3664,Qwen3-Next-80B-A3B-Instruct,Estimated from text
2026-01-09T05:34:16.879305,6371,A,5679,918,6597,Qwen3-Next-80B-A3B-Instruct,Estimated from text
2026-01-09T05:34:20.095325,6371,B,3532,649,4181,Qwen3-Next-80B-A3B-Instruct,Estimated from text
2026-01-09T05:34:30.901292,6373,S,1849,2010,3859,Qwen3-Next-80B-A3B-Instruct,Estimated from text
2026-01-09T05:34:35.725825,6373,A,5880,790,6670,Qwen3-Next-80B-A3B-Instruct,Estimated from text
2026-01-09T05:34:39.044140,6373,B,3408,510,3918,Qwen3-Next-80B-A3B-Instruct,Estimated from text
2026-01-09T05:34:49.223591,6374,S,1849,1940,3789,Qwen3-Next-80B-A3B-Instruct,Estimated from text
2026-01-09T05:34:53.545011,6374,A,5811,738,6549,Qwen3-Next-80B-A3B-Instruct,Estimated from text
2026-01-09T05:34:56.057545,6374,B,3354,417,3771,Qwen3-Next-80B-A3B-Instruct,Estimated from text
2026-01-09T05:35:06.843705,6375,S,1849,2023,3872,Qwen3-Next-80B-A3B-Instruct,Estimated from text
2026-01-09T05:35:11.366432,6375,A,5892,866,6758,Qwen3-Next-80B-A3B-Instruct,Estimated from text
2026-01-09T05:35:14.382933,6375,B,3483,539,4022,Qwen3-Next-80B-A3B-Instruct,Estimated from text
2026-01-09T05:35:24.458288,6376,S,1849,1833,3682,Qwen3-Next-80B-A3B-Instruct,Estimated from text
2026-01-09T05:35:29.082124,6376,A,5700,825,6525,Qwen3-Next-80B-A3B-Instruct,Estimated from text
2026-01-09T05:35:32.200692,6376,B,3442,445,3887,Qwen3-Next-80B-A3B-Instruct,Estimated from text
2026-01-09T05:35:41.798468,6377,S,1849,1692,3541,Qwen3-Next-80B-A3B-Instruct,Estimated from text
2026-01-09T05:35:46.422161,6377,A,5560,828,6388,Qwen3-Next-80B-A3B-Instruct,Estimated from text
2026-01-09T05:35:50.046599,6377,B,3445,540,3985,Qwen3-Next-80B-A3B-Instruct,Estimated from text
2026-01-09T05:35:59.326035,6378,S,1849,1701,3550,Qwen3-Next-80B-A3B-Instruct,Estimated from text
2026-01-09T05:36:03.643989,6378,A,5568,795,6363,Qwen3-Next-80B-A3B-Instruct,Estimated from text
2026-01-09T05:36:06.560444,6378,B,3412,488,3900,Qwen3-Next-80B-A3B-Instruct,Estimated from text
2026-01-09T05:36:15.248652,6379,S,1849,1491,3340,Qwen3-Next-80B-A3B-Instruct,Estimated from text
2026-01-09T05:36:19.873747,6379,A,5357,798,6155,Qwen3-Next-80B-A3B-Instruct,Estimated from text
2026-01-09T05:36:22.900384,6379,B,3415,504,3919,Qwen3-Next-80B-A3B-Instruct,Estimated from text
2026-01-09T05:36:32.068207,6380,S,1849,1678,3527,Qwen3-Next-80B-A3B-Instruct,Estimated from text
2026-01-09T05:36:36.691752,6380,A,5544,800,6344,Qwen3-Next-80B-A3B-Instruct,Estimated from text
2026-01-09T05:36:40.110458,6380,B,3417,570,3987,Qwen3-Next-80B-A3B-Instruct,Estimated from text
2026-01-09T05:36:51.691131,6381,S,1849,2090,3939,Qwen3-Next-80B-A3B-Instruct,Estimated from text
2026-01-09T05:36:55.309387,6381,A,5961,614,6575,Qwen3-Next-80B-A3B-Instruct,Estimated from text
2026-01-09T05:36:58.224896,6381,B,3231,435,3666,Qwen3-Next-80B-A3B-Instruct,Estimated from text
2026-01-09T05:37:08.036405,6383,S,1849,1692,3541,Qwen3-Next-80B-A3B-Instruct,Estimated from text
2026-01-09T05:37:11.855043,6383,A,5564,662,6226,Qwen3-Next-80B-A3B-Instruct,Estimated from text
2026-01-09T05:37:14.668548,6383,B,3282,420,3702,Qwen3-Next-80B-A3B-Instruct,Estimated from text
2026-01-09T05:37:23.640680,6384,S,1849,1652,3501,Qwen3-Next-80B-A3B-Instruct,Estimated from text
2026-01-09T05:37:28.073479,6384,A,5519,816,6335,Qwen3-Next-80B-A3B-Instruct,Estimated from text
2026-01-09T05:37:31.292802,6384,B,3431,515,3946,Qwen3-Next-80B-A3B-Instruct,Estimated from text
2026-01-09T05:37:41.197885,6386,S,1849,1790,3639,Qwen3-Next-80B-A3B-Instruct,Estimated from text
2026-01-09T05:37:44.917410,6386,A,5661,632,6293,Qwen3-Next-80B-A3B-Instruct,Estimated from text
2026-01-09T05:37:50.342744,6386,B,3252,939,4191,Qwen3-Next-80B-A3B-Instruct,Estimated from text
2026-01-09T05:38:00.833822,6387,S,1849,1836,3685,Qwen3-Next-80B-A3B-Instruct,Estimated from text
2026-01-09T05:38:05.558638,6387,A,5705,801,6506,Qwen3-Next-80B-A3B-Instruct,Estimated from text
2026-01-09T05:38:09.075552,6387,B,3417,585,4002,Qwen3-Next-80B-A3B-Instruct,Estimated from text
2026-01-09T05:38:19.043344,6388,S,1849,1906,3755,Qwen3-Next-80B-A3B-Instruct,Estimated from text
2026-01-09T05:38:23.064962,6388,A,5776,639,6415,Qwen3-Next-80B-A3B-Instruct,Estimated from text
2026-01-09T05:38:26.782808,6388,B,3256,496,3752,Qwen3-Next-80B-A3B-Instruct,Estimated from text
2026-01-09T05:38:36.422382,6391,S,1849,1617,3466,Qwen3-Next-80B-A3B-Instruct,Estimated from text
2026-01-09T05:38:39.940187,6391,A,5493,611,6104,Qwen3-Next-80B-A3B-Instruct,Estimated from text
2026-01-09T05:38:46.267246,6391,B,3237,1065,4302,Qwen3-Next-80B-A3B-Instruct,Estimated from text
2026-01-09T05:38:55.844191,6392,S,1849,1766,3615,Qwen3-Next-80B-A3B-Instruct,Estimated from text
2026-01-09T05:39:00.163274,6392,A,5637,806,6443,Qwen3-Next-80B-A3B-Instruct,Estimated from text
2026-01-09T05:39:03.180328,6392,B,3424,583,4007,Qwen3-Next-80B-A3B-Instruct,Estimated from text
2026-01-09T05:39:14.166434,6393,S,1849,2069,3918,Qwen3-Next-80B-A3B-Instruct,Estimated from text
2026-01-09T05:39:18.085926,6393,A,5949,763,6712,Qwen3-Next-80B-A3B-Instruct,Estimated from text
2026-01-09T05:39:21.408230,6393,B,3381,598,3979,Qwen3-Next-80B-A3B-Instruct,Estimated from text
2026-01-09T05:39:33.122331,6395,S,1849,2163,4012,Qwen3-Next-80B-A3B-Instruct,Estimated from text
2026-01-09T05:39:36.942561,6395,A,6040,777,6817,Qwen3-Next-80B-A3B-Instruct,Estimated from text
2026-01-09T05:39:40.258403,6395,B,3397,532,3929,Qwen3-Next-80B-A3B-Instruct,Estimated from text
2026-01-09T05:39:50.640785,6396,S,1849,1850,3699,Qwen3-Next-80B-A3B-Instruct,Estimated from text
2026-01-09T05:39:55.365670,6396,A,5722,852,6574,Qwen3-Next-80B-A3B-Instruct,Estimated from text
2026-01-09T05:39:58.581665,6396,B,3470,576,4046,Qwen3-Next-80B-A3B-Instruct,Estimated from text
2026-01-09T05:40:09.065020,6397,S,1849,1897,3746,Qwen3-Next-80B-A3B-Instruct,Estimated from text
2026-01-09T05:40:13.387771,6397,A,5769,759,6528,Qwen3-Next-80B-A3B-Instruct,Estimated from text
2026-01-09T05:40:18.312307,6397,B,3377,809,4186,Qwen3-Next-80B-A3B-Instruct,Estimated from text
2026-01-09T05:40:28.895217,6398,S,1849,1833,3682,Qwen3-Next-80B-A3B-Instruct,Estimated from text
2026-01-09T05:40:34.320709,6398,A,5709,848,6557,Qwen3-Next-80B-A3B-Instruct,Estimated from text
2026-01-09T05:40:37.738654,6398,B,3469,471,3940,Qwen3-Next-80B-A3B-Instruct,Estimated from text
2026-01-09T05:40:47.726889,6399,S,1849,1866,3715,Qwen3-Next-80B-A3B-Instruct,Estimated from text
2026-01-09T05:40:52.953999,6399,A,5736,964,6700,Qwen3-Next-80B-A3B-Instruct,Estimated from text
2026-01-09T05:40:56.471801,6399,B,3581,657,4238,Qwen3-Next-80B-A3B-Instruct,Estimated from text
2026-01-09T05:41:10.572156,6400,S,1849,2652,4501,Qwen3-Next-80B-A3B-Instruct,Estimated from text
2026-01-09T05:41:14.896585,6400,A,6536,735,7271,Qwen3-Next-80B-A3B-Instruct,Estimated from text
2026-01-09T05:41:17.815242,6400,B,3352,567,3919,Qwen3-Next-80B-A3B-Instruct,Estimated from text
2026-01-09T05:41:28.128594,6402,S,1849,1783,3632,Qwen3-Next-80B-A3B-Instruct,Estimated from text
2026-01-09T05:41:32.349693,6402,A,5662,672,6334,Qwen3-Next-80B-A3B-Instruct,Estimated from text
2026-01-09T05:41:35.468532,6402,B,3295,477,3772,Qwen3-Next-80B-A3B-Instruct,Estimated from text
2026-01-09T05:41:46.771903,6404,S,1849,1947,3796,Qwen3-Next-80B-A3B-Instruct,Estimated from text
2026-01-09T05:41:51.395913,6404,A,5820,780,6600,Qwen3-Next-80B-A3B-Instruct,Estimated from text
2026-01-09T05:41:54.413689,6404,B,3396,506,3902,Qwen3-Next-80B-A3B-Instruct,Estimated from text
2026-01-09T05:42:04.538436,6406,S,1849,1906,3755,Qwen3-Next-80B-A3B-Instruct,Estimated from text
2026-01-09T05:42:08.356830,6406,A,5781,720,6501,Qwen3-Next-80B-A3B-Instruct,Estimated from text
2026-01-09T05:42:11.173306,6406,B,3339,483,3822,Qwen3-Next-80B-A3B-Instruct,Estimated from text
2026-01-09T05:42:22.167100,6407,S,1849,2085,3934,Qwen3-Next-80B-A3B-Instruct,Estimated from text
2026-01-09T05:42:26.086096,6407,A,5955,726,6681,Qwen3-Next-80B-A3B-Instruct,Estimated from text
2026-01-09T05:42:29.099925,6407,B,3342,527,3869,Qwen3-Next-80B-A3B-Instruct,Estimated from text
2026-01-09T05:42:39.480194,6408,S,1849,1823,3672,Qwen3-Next-80B-A3B-Instruct,Estimated from text
2026-01-09T05:42:43.603223,6408,A,5692,683,6375,Qwen3-Next-80B-A3B-Instruct,Estimated from text
2026-01-09T05:42:46.416817,6408,B,3300,395,3695,Qwen3-Next-80B-A3B-Instruct,Estimated from text
2026-01-09T05:42:59.535782,6410,S,1849,2319,4168,Qwen3-Next-80B-A3B-Instruct,Estimated from text
2026-01-09T05:43:05.158542,6410,A,6193,999,7192,Qwen3-Next-80B-A3B-Instruct,Estimated from text
2026-01-09T05:43:08.475473,6410,B,3615,552,4167,Qwen3-Next-80B-A3B-Instruct,Estimated from text
2026-01-09T05:43:18.263128,6411,S,1849,1659,3508,Qwen3-Next-80B-A3B-Instruct,Estimated from text
2026-01-09T05:43:22.984836,6411,A,5526,793,6319,Qwen3-Next-80B-A3B-Instruct,Estimated from text
2026-01-09T05:43:26.207667,6411,B,3410,513,3923,Qwen3-Next-80B-A3B-Instruct,Estimated from text
2026-01-09T05:43:35.094693,6412,S,1849,1632,3481,Qwen3-Next-80B-A3B-Instruct,Estimated from text
2026-01-09T05:43:39.314426,6412,A,5500,630,6130,Qwen3-Next-80B-A3B-Instruct,Estimated from text
2026-01-09T05:43:42.830920,6412,B,3247,495,3742,Qwen3-Next-80B-A3B-Instruct,Estimated from text
2026-01-09T05:43:54.828864,6413,S,1849,2085,3934,Qwen3-Next-80B-A3B-Instruct,Estimated from text
2026-01-09T05:43:58.747624,6413,A,5955,659,6614,Qwen3-Next-80B-A3B-Instruct,Estimated from text
2026-01-09T05:44:02.376713,6413,B,3276,592,3868,Qwen3-Next-80B-A3B-Instruct,Estimated from text
2026-01-09T05:44:11.960079,6414,S,1849,1717,3566,Qwen3-Next-80B-A3B-Instruct,Estimated from text
2026-01-09T05:44:16.379819,6414,A,5586,759,6345,Qwen3-Next-80B-A3B-Instruct,Estimated from text
2026-01-09T05:44:19.495151,6414,B,3375,504,3879,Qwen3-Next-80B-A3B-Instruct,Estimated from text
2026-01-09T05:44:29.307499,6416,S,1849,1837,3686,Qwen3-Next-80B-A3B-Instruct,Estimated from text
2026-01-09T05:44:34.431077,6416,A,5717,949,6666,Qwen3-Next-80B-A3B-Instruct,Estimated from text
2026-01-09T05:44:37.345344,6416,B,3576,408,3984,Qwen3-Next-80B-A3B-Instruct,Estimated from text
2026-01-09T05:44:48.724113,6417,S,1849,2198,4047,Qwen3-Next-80B-A3B-Instruct,Estimated from text
2026-01-09T05:44:53.145429,6417,A,6071,746,6817,Qwen3-Next-80B-A3B-Instruct,Estimated from text
2026-01-09T05:44:56.160041,6417,B,3364,473,3837,Qwen3-Next-80B-A3B-Instruct,Estimated from text
2026-01-09T05:45:07.858681,6418,S,1849,2341,4190,Qwen3-Next-80B-A3B-Instruct,Estimated from text
2026-01-09T05:45:12.483227,6418,A,6217,761,6978,Qwen3-Next-80B-A3B-Instruct,Estimated from text
2026-01-09T05:45:16.303926,6418,B,3379,646,4025,Qwen3-Next-80B-A3B-Instruct,Estimated from text
2026-01-09T05:45:26.883013,6419,S,1849,1977,3826,Qwen3-Next-80B-A3B-Instruct,Estimated from text
2026-01-09T05:45:31.606320,6419,A,5850,696,6546,Qwen3-Next-80B-A3B-Instruct,Estimated from text
2026-01-09T05:45:34.522608,6419,B,3317,380,3697,Qwen3-Next-80B-A3B-Instruct,Estimated from text
2026-01-09T05:45:43.211934,6420,S,1849,1674,3523,Qwen3-Next-80B-A3B-Instruct,Estimated from text
2026-01-09T05:45:47.331718,6420,A,5547,669,6216,Qwen3-Next-80B-A3B-Instruct,Estimated from text
2026-01-09T05:45:50.348339,6420,B,3290,504,3794,Qwen3-Next-80B-A3B-Instruct,Estimated from text
2026-01-09T05:46:01.732240,6421,S,1849,2139,3988,Qwen3-Next-80B-A3B-Instruct,Estimated from text
2026-01-09T05:46:05.953431,6421,A,6020,650,6670,Qwen3-Next-80B-A3B-Instruct,Estimated from text
2026-01-09T05:46:09.169444,6421,B,3271,477,3748,Qwen3-Next-80B-A3B-Instruct,Estimated from text
2026-01-09T05:46:19.142003,6422,S,1849,1992,3841,Qwen3-Next-80B-A3B-Instruct,Estimated from text
2026-01-09T05:46:24.470808,6422,A,5865,952,6817,Qwen3-Next-80B-A3B-Instruct,Estimated from text
2026-01-09T05:46:27.487738,6422,B,3573,486,4059,Qwen3-Next-80B-A3B-Instruct,Estimated from text
2026-01-09T05:46:37.373086,6423,S,1849,1829,3678,Qwen3-Next-80B-A3B-Instruct,Estimated from text
2026-01-09T05:46:41.593160,6423,A,5701,699,6400,Qwen3-Next-80B-A3B-Instruct,Estimated from text
2026-01-09T05:46:44.909066,6423,B,3321,495,3816,Qwen3-Next-80B-A3B-Instruct,Estimated from text
2026-01-09T05:46:55.281927,6424,S,1849,2027,3876,Qwen3-Next-80B-A3B-Instruct,Estimated from text
2026-01-09T05:46:59.300619,6424,A,5901,627,6528,Qwen3-Next-80B-A3B-Instruct,Estimated from text
2026-01-09T05:47:02.415245,6424,B,3249,519,3768,Qwen3-Next-80B-A3B-Instruct,Estimated from text
2026-01-09T05:47:12.923572,6426,S,1849,2056,3905,Qwen3-Next-80B-A3B-Instruct,Estimated from text
2026-01-09T05:47:16.941824,6426,A,5935,711,6646,Qwen3-Next-80B-A3B-Instruct,Estimated from text
2026-01-09T05:47:20.063489,6426,B,3337,529,3866,Qwen3-Next-80B-A3B-Instruct,Estimated from text
2026-01-09T05:47:29.235493,6427,S,1849,1663,3512,Qwen3-Next-80B-A3B-Instruct,Estimated from text
2026-01-09T05:47:33.960779,6427,A,5535,744,6279,Qwen3-Next-80B-A3B-Instruct,Estimated from text
2026-01-09T05:47:37.177146,6427,B,3363,510,3873,Qwen3-Next-80B-A3B-Instruct,Estimated from text
2026-01-09T05:47:47.448387,6428,S,1849,1984,3833,Qwen3-Next-80B-A3B-Instruct,Estimated from text
2026-01-09T05:47:51.566502,6428,A,5857,695,6552,Qwen3-Next-80B-A3B-Instruct,Estimated from text
2026-01-09T05:47:54.996973,6428,B,3313,519,3832,Qwen3-Next-80B-A3B-Instruct,Estimated from text
2026-01-09T05:48:05.850848,6431,S,1849,2191,4040,Qwen3-Next-80B-A3B-Instruct,Estimated from text
2026-01-09T05:48:10.873734,6431,A,6069,999,7068,Qwen3-Next-80B-A3B-Instruct,Estimated from text
2026-01-09T05:48:13.898253,6431,B,3621,503,4124,Qwen3-Next-80B-A3B-Instruct,Estimated from text
2026-01-09T05:48:22.280442,6432,S,1849,1613,3462,Qwen3-Next-80B-A3B-Instruct,Estimated from text
2026-01-09T05:48:27.705962,6432,A,5481,1047,6528,Qwen3-Next-80B-A3B-Instruct,Estimated from text
2026-01-09T05:48:31.324020,6432,B,3666,567,4233,Qwen3-Next-80B-A3B-Instruct,Estimated from text
2026-01-09T05:48:40.388306,6433,S,1849,1696,3545,Qwen3-Next-80B-A3B-Instruct,Estimated from text
2026-01-09T05:48:45.012797,6433,A,5566,827,6393,Qwen3-Next-80B-A3B-Instruct,Estimated from text
2026-01-09T05:48:48.230502,6433,B,3445,531,3976,Qwen3-Next-80B-A3B-Instruct,Estimated from text
2026-01-09T05:48:58.311820,6434,S,1849,1961,3810,Qwen3-Next-80B-A3B-Instruct,Estimated from text
2026-01-09T05:49:02.630747,6434,A,5831,786,6617,Qwen3-Next-80B-A3B-Instruct,Estimated from text
2026-01-09T05:49:05.746546,6434,B,3405,515,3920,Qwen3-Next-80B-A3B-Instruct,Estimated from text
2026-01-09T05:49:17.148312,6436,S,1849,2232,4081,Qwen3-Next-80B-A3B-Instruct,Estimated from text
2026-01-09T05:49:21.371056,6436,A,6109,759,6868,Qwen3-Next-80B-A3B-Instruct,Estimated from text
2026-01-09T05:49:25.089634,6436,B,3380,627,4007,Qwen3-Next-80B-A3B-Instruct,Estimated from text
2026-01-09T05:49:34.458959,6437,S,1849,1836,3685,Qwen3-Next-80B-A3B-Instruct,Estimated from text
2026-01-09T05:49:39.803602,6437,A,5703,1023,6726,Qwen3-Next-80B-A3B-Instruct,Estimated from text
2026-01-09T05:49:43.228423,6437,B,3639,544,4183,Qwen3-Next-80B-A3B-Instruct,Estimated from text
2026-01-09T05:49:52.930522,6439,S,1849,1977,3826,Qwen3-Next-80B-A3B-Instruct,Estimated from text
2026-01-09T05:49:56.547523,6439,A,5849,629,6478,Qwen3-Next-80B-A3B-Instruct,Estimated from text
2026-01-09T05:49:59.460894,6439,B,3249,502,3751,Qwen3-Next-80B-A3B-Instruct,Estimated from text
2026-01-09T05:50:08.743300,6440,S,1849,1769,3618,Qwen3-Next-80B-A3B-Instruct,Estimated from text
2026-01-09T05:50:12.664226,6440,A,5634,564,6198,Qwen3-Next-80B-A3B-Instruct,Estimated from text
2026-01-09T05:50:15.579545,6440,B,3180,438,3618,Qwen3-Next-80B-A3B-Instruct,Estimated from text
2026-01-09T05:50:25.250296,6441,S,1849,1925,3774,Qwen3-Next-80B-A3B-Instruct,Estimated from text
2026-01-09T05:50:29.871212,6441,A,5791,717,6508,Qwen3-Next-80B-A3B-Instruct,Estimated from text
2026-01-09T05:50:32.589406,6441,B,3332,415,3747,Qwen3-Next-80B-A3B-Instruct,Estimated from text
2026-01-09T05:50:44.081962,6442,S,1849,2139,3988,Qwen3-Next-80B-A3B-Instruct,Estimated from text
2026-01-09T05:50:49.713310,6442,A,6008,980,6988,Qwen3-Next-80B-A3B-Instruct,Estimated from text
2026-01-09T05:50:53.234161,6442,B,3595,580,4175,Qwen3-Next-80B-A3B-Instruct,Estimated from text
2026-01-09T05:51:04.120630,6443,S,1849,2088,3937,Qwen3-Next-80B-A3B-Instruct,Estimated from text
2026-01-09T05:51:07.742404,6443,A,5958,654,6612,Qwen3-Next-80B-A3B-Instruct,Estimated from text
2026-01-09T05:51:10.860005,6443,B,3270,504,3774,Qwen3-Next-80B-A3B-Instruct,Estimated from text
2026-01-09T05:51:21.736474,6444,S,1849,2294,4143,Qwen3-Next-80B-A3B-Instruct,Estimated from text
2026-01-09T05:51:27.065039,6444,A,6165,929,7094,Qwen3-Next-80B-A3B-Instruct,Estimated from text
2026-01-09T05:51:29.984797,6444,B,3544,462,4006,Qwen3-Next-80B-A3B-Instruct,Estimated from text
2026-01-09T05:51:39.570104,6445,S,1849,1796,3645,Qwen3-Next-80B-A3B-Instruct,Estimated from text
2026-01-09T05:51:44.292616,6445,A,5660,882,6542,Qwen3-Next-80B-A3B-Instruct,Estimated from text
2026-01-09T05:51:47.108336,6445,B,3498,396,3894,Qwen3-Next-80B-A3B-Instruct,Estimated from text
2026-01-09T05:51:55.670334,6446,S,1849,1643,3492,Qwen3-Next-80B-A3B-Instruct,Estimated from text
2026-01-09T05:51:59.888961,6446,A,5509,783,6292,Qwen3-Next-80B-A3B-Instruct,Estimated from text
2026-01-09T05:52:02.600724,6446,B,3399,417,3816,Qwen3-Next-80B-A3B-Instruct,Estimated from text
2026-01-09T05:52:12.591306,6447,S,1849,1905,3754,Qwen3-Next-80B-A3B-Instruct,Estimated from text
2026-01-09T05:52:16.610638,6447,A,5772,627,6399,Qwen3-Next-80B-A3B-Instruct,Estimated from text
2026-01-09T05:52:19.326926,6447,B,3243,387,3630,Qwen3-Next-80B-A3B-Instruct,Estimated from text
2026-01-09T05:52:31.147496,6449,S,1849,2272,4121,Qwen3-Next-80B-A3B-Instruct,Estimated from text
2026-01-09T05:52:35.467308,6449,A,6147,717,6864,Qwen3-Next-80B-A3B-Instruct,Estimated from text
2026-01-09T05:52:38.583398,6449,B,3337,456,3793,Qwen3-Next-80B-A3B-Instruct,Estimated from text
2026-01-09T05:52:51.176494,6450,S,1849,2127,3976,Qwen3-Next-80B-A3B-Instruct,Estimated from text
2026-01-09T05:52:55.999341,6450,A,6005,894,6899,Qwen3-Next-80B-A3B-Instruct,Estimated from text
2026-01-09T05:52:58.813425,6450,B,3510,519,4029,Qwen3-Next-80B-A3B-Instruct,Estimated from text
2026-01-09T05:53:08.618631,6452,S,1849,1881,3730,Qwen3-Next-80B-A3B-Instruct,Estimated from text
2026-01-09T05:53:12.235696,6452,A,5754,678,6432,Qwen3-Next-80B-A3B-Instruct,Estimated from text
2026-01-09T05:53:15.156760,6452,B,3300,453,3753,Qwen3-Next-80B-A3B-Instruct,Estimated from text
2026-01-09T05:53:24.638900,6453,S,1849,1757,3606,Qwen3-Next-80B-A3B-Instruct,Estimated from text
2026-01-09T05:53:31.973921,6453,A,5623,1423,7046,Qwen3-Next-80B-A3B-Instruct,Estimated from text
2026-01-09T05:53:35.191772,6453,B,4037,492,4529,Qwen3-Next-80B-A3B-Instruct,Estimated from text
2026-01-09T05:53:45.073057,6454,S,1849,1889,3738,Qwen3-Next-80B-A3B-Instruct,Estimated from text
2026-01-09T05:53:52.112874,6454,A,5757,1313,7070,Qwen3-Next-80B-A3B-Instruct,Estimated from text
2026-01-09T05:53:55.329797,6454,B,3927,510,4437,Qwen3-Next-80B-A3B-Instruct,Estimated from text
2026-01-09T05:54:05.416608,6455,S,1849,1735,3584,Qwen3-Next-80B-A3B-Instruct,Estimated from text
2026-01-09T05:54:10.645884,6455,A,5603,807,6410,Qwen3-Next-80B-A3B-Instruct,Estimated from text
2026-01-09T05:54:13.761359,6455,B,3420,426,3846,Qwen3-Next-80B-A3B-Instruct,Estimated from text
2026-01-09T05:54:25.867451,6456,S,1849,2163,4012,Qwen3-Next-80B-A3B-Instruct,Estimated from text
2026-01-09T05:54:31.290631,6456,A,6033,996,7029,Qwen3-Next-80B-A3B-Instruct,Estimated from text
2026-01-09T05:54:34.406531,6456,B,3610,495,4105,Qwen3-Next-80B-A3B-Instruct,Estimated from text
2026-01-09T05:54:45.992878,6457,S,1849,2120,3969,Qwen3-Next-80B-A3B-Instruct,Estimated from text
2026-01-09T05:54:51.315967,6457,A,5991,870,6861,Qwen3-Next-80B-A3B-Instruct,Estimated from text
2026-01-09T05:54:54.433662,6457,B,3483,495,3978,Qwen3-Next-80B-A3B-Instruct,Estimated from text
2026-01-09T05:55:05.315866,6458,S,1849,1884,3733,Qwen3-Next-80B-A3B-Instruct,Estimated from text
2026-01-09T05:55:10.450025,6458,A,5751,835,6586,Qwen3-Next-80B-A3B-Instruct,Estimated from text
2026-01-09T05:55:13.674612,6458,B,3449,432,3881,Qwen3-Next-80B-A3B-Instruct,Estimated from text
2026-01-09T05:55:24.749222,6459,S,1849,1913,3762,Qwen3-Next-80B-A3B-Instruct,Estimated from text
2026-01-09T05:55:30.476720,6459,A,5779,975,6754,Qwen3-Next-80B-A3B-Instruct,Estimated from text
2026-01-09T05:55:33.391775,6459,B,3589,453,4042,Qwen3-Next-80B-A3B-Instruct,Estimated from text
2026-01-09T05:55:44.068630,6460,S,1849,1904,3753,Qwen3-Next-80B-A3B-Instruct,Estimated from text
2026-01-09T05:55:49.892072,6460,A,5769,1013,6782,Qwen3-Next-80B-A3B-Instruct,Estimated from text
2026-01-09T05:56:05.630971,6460,B,3627,490,4117,Qwen3-Next-80B-A3B-Instruct,Estimated from text
2026-01-09T05:56:15.730339,6461,S,1849,1796,3645,Qwen3-Next-80B-A3B-Instruct,Estimated from text
2026-01-09T05:56:21.054634,6461,A,5663,1029,6692,Qwen3-Next-80B-A3B-Instruct,Estimated from text
2026-01-09T05:56:24.377227,6461,B,3642,555,4197,Qwen3-Next-80B-A3B-Instruct,Estimated from text
2026-01-09T05:56:33.959072,6462,S,1849,1822,3671,Qwen3-Next-80B-A3B-Instruct,Estimated from text
2026-01-09T05:56:40.092328,6462,A,5686,1218,6904,Qwen3-Next-80B-A3B-Instruct,Estimated from text
2026-01-09T05:56:42.305059,6462,B,3832,390,4222,Qwen3-Next-80B-A3B-Instruct,Estimated from text
2026-01-09T05:56:52.099266,6464,S,1849,1710,3559,Qwen3-Next-80B-A3B-Instruct,Estimated from text
2026-01-09T05:56:55.919170,6464,A,5577,632,6209,Qwen3-Next-80B-A3B-Instruct,Estimated from text
2026-01-09T05:56:58.833136,6464,B,3248,463,3711,Qwen3-Next-80B-A3B-Instruct,Estimated from text
2026-01-09T05:57:09.618548,6465,S,1849,2054,3903,Qwen3-Next-80B-A3B-Instruct,Estimated from text
2026-01-09T05:57:14.250427,6465,A,5922,814,6736,Qwen3-Next-80B-A3B-Instruct,Estimated from text
2026-01-09T05:57:17.068417,6465,B,3431,417,3848,Qwen3-Next-80B-A3B-Instruct,Estimated from text
2026-01-09T05:57:26.743336,6466,S,1849,1767,3616,Qwen3-Next-80B-A3B-Instruct,Estimated from text
2026-01-09T05:57:30.864644,6466,A,5636,741,6377,Qwen3-Next-80B-A3B-Instruct,Estimated from text
2026-01-09T05:57:34.032084,6466,B,3358,457,3815,Qwen3-Next-80B-A3B-Instruct,Estimated from text
2026-01-09T05:57:45.098568,6467,S,1849,2145,3994,Qwen3-Next-80B-A3B-Instruct,Estimated from text
2026-01-09T05:57:49.823587,6467,A,6020,828,6848,Qwen3-Next-80B-A3B-Instruct,Estimated from text
2026-01-09T05:57:52.739169,6467,B,3445,400,3845,Qwen3-Next-80B-A3B-Instruct,Estimated from text
2026-01-09T05:58:03.920340,6468,S,1849,2085,3934,Qwen3-Next-80B-A3B-Instruct,Estimated from text
2026-01-09T05:58:08.947601,6468,A,5955,915,6870,Qwen3-Next-80B-A3B-Instruct,Estimated from text
2026-01-09T05:58:12.372053,6468,B,3531,579,4110,Qwen3-Next-80B-A3B-Instruct,Estimated from text
2026-01-09T05:58:23.558535,6469,S,1849,1856,3705,Qwen3-Next-80B-A3B-Instruct,Estimated from text
2026-01-09T05:58:27.777924,6469,A,5726,625,6351,Qwen3-Next-80B-A3B-Instruct,Estimated from text
2026-01-09T05:58:30.590884,6469,B,3242,426,3668,Qwen3-Next-80B-A3B-Instruct,Estimated from text
2026-01-09T05:58:41.762770,6470,S,1849,2005,3854,Qwen3-Next-80B-A3B-Instruct,Estimated from text
2026-01-09T05:58:46.707240,6470,A,5877,858,6735,Qwen3-Next-80B-A3B-Instruct,Estimated from text
2026-01-09T05:58:49.621308,6470,B,3474,490,3964,Qwen3-Next-80B-A3B-Instruct,Estimated from text
2026-01-09T05:59:02.534604,6472,S,1849,2427,4276,Qwen3-Next-80B-A3B-Instruct,Estimated from text
2026-01-09T05:59:07.358347,6472,A,6309,900,7209,Qwen3-Next-80B-A3B-Instruct,Estimated from text
2026-01-09T05:59:10.172837,6472,B,3520,575,4095,Qwen3-Next-80B-A3B-Instruct,Estimated from text
2026-01-09T05:59:18.435496,6473,S,1849,1453,3302,Qwen3-Next-80B-A3B-Instruct,Estimated from text
2026-01-09T05:59:21.751014,6473,A,5318,642,5960,Qwen3-Next-80B-A3B-Instruct,Estimated from text
2026-01-09T05:59:24.564145,6473,B,3262,516,3778,Qwen3-Next-80B-A3B-Instruct,Estimated from text
2026-01-09T05:59:33.872892,6474,S,1849,1711,3560,Qwen3-Next-80B-A3B-Instruct,Estimated from text
2026-01-09T05:59:38.292446,6474,A,5579,736,6315,Qwen3-Next-80B-A3B-Instruct,Estimated from text
2026-01-09T05:59:41.408060,6474,B,3353,438,3791,Qwen3-Next-80B-A3B-Instruct,Estimated from text
2026-01-09T05:59:50.580665,6475,S,1849,1743,3592,Qwen3-Next-80B-A3B-Instruct,Estimated from text
2026-01-09T05:59:57.115269,6475,A,5613,1113,6726,Qwen3-Next-80B-A3B-Instruct,Estimated from text
2026-01-09T06:00:00.735209,6475,B,3730,534,4264,Qwen3-Next-80B-A3B-Instruct,Estimated from text
2026-01-09T06:00:10.407332,6476,S,1849,1778,3627,Qwen3-Next-80B-A3B-Instruct,Estimated from text
2026-01-09T06:00:16.140410,6476,A,5648,1132,6780,Qwen3-Next-80B-A3B-Instruct,Estimated from text
2026-01-09T06:00:19.158565,6476,B,3749,520,4269,Qwen3-Next-80B-A3B-Instruct,Estimated from text
2026-01-09T06:00:29.433784,6477,S,1849,1976,3825,Qwen3-Next-80B-A3B-Instruct,Estimated from text
2026-01-09T06:00:33.852628,6477,A,5845,593,6438,Qwen3-Next-80B-A3B-Instruct,Estimated from text
2026-01-09T06:00:37.468609,6477,B,3210,481,3691,Qwen3-Next-80B-A3B-Instruct,Estimated from text
2026-01-09T06:00:48.044938,6478,S,1849,1869,3718,Qwen3-Next-80B-A3B-Instruct,Estimated from text
2026-01-09T06:00:52.364114,6478,A,5738,775,6513,Qwen3-Next-80B-A3B-Instruct,Estimated from text
2026-01-09T06:00:55.581870,6478,B,3392,521,3913,Qwen3-Next-80B-A3B-Instruct,Estimated from text
2026-01-09T06:01:05.370543,6479,S,1849,1838,3687,Qwen3-Next-80B-A3B-Instruct,Estimated from text
2026-01-09T06:01:09.288119,6479,A,5705,783,6488,Qwen3-Next-80B-A3B-Instruct,Estimated from text
2026-01-09T06:01:12.406380,6479,B,3400,529,3929,Qwen3-Next-80B-A3B-Instruct,Estimated from text
2026-01-09T06:01:22.989640,6480,S,1849,1944,3793,Qwen3-Next-80B-A3B-Instruct,Estimated from text
2026-01-09T06:01:28.414072,6480,A,5814,906,6720,Qwen3-Next-80B-A3B-Instruct,Estimated from text
2026-01-09T06:01:31.130655,6480,B,3523,454,3977,Qwen3-Next-80B-A3B-Instruct,Estimated from text
2026-01-09T06:01:40.900525,6481,S,1849,1910,3759,Qwen3-Next-80B-A3B-Instruct,Estimated from text
2026-01-09T06:01:45.923022,6481,A,5778,887,6665,Qwen3-Next-80B-A3B-Instruct,Estimated from text
2026-01-09T06:01:49.040296,6481,B,3504,482,3986,Qwen3-Next-80B-A3B-Instruct,Estimated from text
2026-01-09T06:01:58.938241,6482,S,1849,1901,3750,Qwen3-Next-80B-A3B-Instruct,Estimated from text
2026-01-09T06:02:02.754365,6482,A,5768,718,6486,Qwen3-Next-80B-A3B-Instruct,Estimated from text
2026-01-09T06:02:05.768652,6482,B,3335,534,3869,Qwen3-Next-80B-A3B-Instruct,Estimated from text
2026-01-09T06:02:17.367335,6483,S,1849,2020,3869,Qwen3-Next-80B-A3B-Instruct,Estimated from text
2026-01-09T06:02:22.597093,6483,A,5891,860,6751,Qwen3-Next-80B-A3B-Instruct,Estimated from text
2026-01-09T06:02:25.613532,6483,B,3477,477,3954,Qwen3-Next-80B-A3B-Instruct,Estimated from text
2026-01-09T06:02:35.227053,6485,S,1849,1748,3597,Qwen3-Next-80B-A3B-Instruct,Estimated from text
2026-01-09T06:02:39.850750,6485,A,5622,775,6397,Qwen3-Next-80B-A3B-Instruct,Estimated from text
2026-01-09T06:03:24.782919,6486,S,1849,1812,3661,Qwen3-Next-80B-A3B-Instruct,Estimated from text
2026-01-09T06:03:28.611056,6486,A,5685,756,6441,Qwen3-Next-80B-A3B-Instruct,Estimated from text
2026-01-09T06:03:31.928067,6486,B,3378,558,3936,Qwen3-Next-80B-A3B-Instruct,Estimated from text
2026-01-09T06:03:45.922109,6487,S,1849,2392,4241,Qwen3-Next-80B-A3B-Instruct,Estimated from text
2026-01-09T06:03:50.141561,6487,A,6270,705,6975,Qwen3-Next-80B-A3B-Instruct,Estimated from text
2026-01-09T06:03:53.356690,6487,B,3326,510,3836,Qwen3-Next-80B-A3B-Instruct,Estimated from text
2026-01-09T06:04:02.658748,6489,S,1849,1752,3601,Qwen3-Next-80B-A3B-Instruct,Estimated from text
2026-01-09T06:04:05.971838,6489,A,5624,627,6251,Qwen3-Next-80B-A3B-Instruct,Estimated from text
2026-01-09T06:04:52.329318,6490,S,1849,2160,4009,Qwen3-Next-80B-A3B-Instruct,Estimated from text
2026-01-09T06:04:57.856041,6490,A,6035,894,6929,Qwen3-Next-80B-A3B-Instruct,Estimated from text
2026-01-09T06:05:01.173219,6490,B,3516,489,4005,Qwen3-Next-80B-A3B-Instruct,Estimated from text
2026-01-09T06:05:12.176720,6491,S,1849,2031,3880,Qwen3-Next-80B-A3B-Instruct,Estimated from text
2026-01-09T06:05:15.793697,6491,A,5907,671,6578,Qwen3-Next-80B-A3B-Instruct,Estimated from text
2026-01-09T06:05:19.108776,6491,B,3292,534,3826,Qwen3-Next-80B-A3B-Instruct,Estimated from text
2026-01-09T06:05:30.295679,6492,S,1849,2228,4077,Qwen3-Next-80B-A3B-Instruct,Estimated from text
2026-01-09T06:05:34.317586,6492,A,6104,750,6854,Qwen3-Next-80B-A3B-Instruct,Estimated from text
2026-01-09T06:05:37.433967,6492,B,3372,525,3897,Qwen3-Next-80B-A3B-Instruct,Estimated from text
2026-01-09T06:05:48.609219,6493,S,1849,2091,3940,Qwen3-Next-80B-A3B-Instruct,Estimated from text
2026-01-09T06:05:53.432065,6493,A,5968,808,6776,Qwen3-Next-80B-A3B-Instruct,Estimated from text
2026-01-09T06:05:59.359573,6493,B,3429,1023,4452,Qwen3-Next-80B-A3B-Instruct,Estimated from text
2026-01-09T06:06:09.339384,6494,S,1849,1727,3576,Qwen3-Next-80B-A3B-Instruct,Estimated from text
2026-01-09T06:06:14.968498,6494,A,5598,1122,6720,Qwen3-Next-80B-A3B-Instruct,Estimated from text
2026-01-09T06:06:18.184293,6494,B,3744,524,4268,Qwen3-Next-80B-A3B-Instruct,Estimated from text
2026-01-09T06:06:28.404552,6495,S,1849,1756,3605,Qwen3-Next-80B-A3B-Instruct,Estimated from text
2026-01-09T06:06:33.436833,6495,A,5629,789,6418,Qwen3-Next-80B-A3B-Instruct,Estimated from text
2026-01-09T06:06:36.551604,6495,B,3411,474,3885,Qwen3-Next-80B-A3B-Instruct,Estimated from text
2026-01-09T06:06:46.642437,6496,S,1849,1851,3700,Qwen3-Next-80B-A3B-Instruct,Estimated from text
2026-01-09T06:06:50.565184,6496,A,5724,772,6496,Qwen3-Next-80B-A3B-Instruct,Estimated from text
2026-01-09T06:06:53.786884,6496,B,3393,545,3938,Qwen3-Next-80B-A3B-Instruct,Estimated from text
2026-01-09T06:07:03.753002,6497,S,1849,1814,3663,Qwen3-Next-80B-A3B-Instruct,Estimated from text
2026-01-09T06:07:07.872561,6497,A,5688,697,6385,Qwen3-Next-80B-A3B-Instruct,Estimated from text
2026-01-09T06:07:10.585440,6497,B,3318,463,3781,Qwen3-Next-80B-A3B-Instruct,Estimated from text
2026-01-09T06:07:20.755091,6498,S,1849,1740,3589,Qwen3-Next-80B-A3B-Instruct,Estimated from text
2026-01-09T06:07:25.581593,6498,A,5613,814,6427,Qwen3-Next-80B-A3B-Instruct,Estimated from text
2026-01-09T06:07:28.597889,6498,B,3435,483,3918,Qwen3-Next-80B-A3B-Instruct,Estimated from text
2026-01-09T06:07:39.286168,6499,S,1849,1898,3747,Qwen3-Next-80B-A3B-Instruct,Estimated from text
2026-01-09T06:07:43.306888,6499,A,5775,660,6435,Qwen3-Next-80B-A3B-Instruct,Estimated from text
2026-01-09T06:07:46.822418,6499,B,3281,559,3840,Qwen3-Next-80B-A3B-Instruct,Estimated from text
2026-01-09T06:07:56.599468,6500,S,1849,1706,3555,Qwen3-Next-80B-A3B-Instruct,Estimated from text
2026-01-09T06:08:01.423045,6500,A,5580,894,6474,Qwen3-Next-80B-A3B-Instruct,Estimated from text
2026-01-09T06:08:04.337312,6500,B,3515,504,4019,Qwen3-Next-80B-A3B-Instruct,Estimated from text
2026-01-09T06:08:13.706590,6501,S,1849,1719,3568,Qwen3-Next-80B-A3B-Instruct,Estimated from text
2026-01-09T06:08:18.629380,6501,A,5592,933,6525,Qwen3-Next-80B-A3B-Instruct,Estimated from text
2026-01-09T06:08:21.847149,6501,B,3554,504,4058,Qwen3-Next-80B-A3B-Instruct,Estimated from text
2026-01-09T06:08:31.822955,6502,S,1849,1780,3629,Qwen3-Next-80B-A3B-Instruct,Estimated from text
2026-01-09T06:08:35.848749,6502,A,5652,649,6301,Qwen3-Next-80B-A3B-Instruct,Estimated from text
2026-01-09T06:08:39.470957,6502,B,3270,582,3852,Qwen3-Next-80B-A3B-Instruct,Estimated from text
2026-01-09T06:08:50.793836,6503,S,1849,2164,4013,Qwen3-Next-80B-A3B-Instruct,Estimated from text
2026-01-09T06:08:55.414038,6503,A,6037,825,6862,Qwen3-Next-80B-A3B-Instruct,Estimated from text
2026-01-09T06:08:58.728712,6503,B,3446,540,3986,Qwen3-Next-80B-A3B-Instruct,Estimated from text
2026-01-09T06:09:08.318447,6504,S,1849,1658,3507,Qwen3-Next-80B-A3B-Instruct,Estimated from text
2026-01-09T06:09:13.851196,6504,A,5532,1077,6609,Qwen3-Next-80B-A3B-Instruct,Estimated from text
2026-01-09T06:09:17.368883,6504,B,3698,565,4263,Qwen3-Next-80B-A3B-Instruct,Estimated from text
2026-01-09T06:09:27.183902,6506,S,1849,1806,3655,Qwen3-Next-80B-A3B-Instruct,Estimated from text
2026-01-09T06:09:32.013197,6506,A,5676,861,6537,Qwen3-Next-80B-A3B-Instruct,Estimated from text
2026-01-09T06:09:35.631602,6506,B,3479,560,4039,Qwen3-Next-80B-A3B-Instruct,Estimated from text
2026-01-09T06:09:45.535005,6508,S,1849,1740,3589,Qwen3-Next-80B-A3B-Instruct,Estimated from text
2026-01-09T06:09:49.356516,6508,A,5611,631,6242,Qwen3-Next-80B-A3B-Instruct,Estimated from text
2026-01-09T06:09:52.170649,6508,B,3249,479,3728,Qwen3-Next-80B-A3B-Instruct,Estimated from text
2026-01-09T06:10:01.243218,6509,S,1849,1691,3540,Qwen3-Next-80B-A3B-Instruct,Estimated from text
2026-01-09T06:10:06.668371,6509,A,5564,835,6399,Qwen3-Next-80B-A3B-Instruct,Estimated from text
2026-01-09T06:10:09.783575,6509,B,3453,510,3963,Qwen3-Next-80B-A3B-Instruct,Estimated from text
2026-01-09T06:10:19.471778,6510,S,1849,1727,3576,Qwen3-Next-80B-A3B-Instruct,Estimated from text
2026-01-09T06:10:22.988545,6510,A,5595,495,6090,Qwen3-Next-80B-A3B-Instruct,Estimated from text
2026-01-09T06:10:26.007214,6510,B,3114,492,3606,Qwen3-Next-80B-A3B-Instruct,Estimated from text
2026-01-09T06:10:37.932529,6512,S,1849,2158,4007,Qwen3-Next-80B-A3B-Instruct,Estimated from text
2026-01-09T06:10:42.153360,6512,A,6039,753,6792,Qwen3-Next-80B-A3B-Instruct,Estimated from text
2026-01-09T06:10:45.469175,6512,B,3376,533,3909,Qwen3-Next-80B-A3B-Instruct,Estimated from text
2026-01-09T06:10:58.569288,6513,S,1849,2708,4557,Qwen3-Next-80B-A3B-Instruct,Estimated from text
2026-01-09T06:11:03.392590,6513,A,6587,972,7559,Qwen3-Next-80B-A3B-Instruct,Estimated from text
2026-01-09T06:11:06.409969,6513,B,3590,517,4107,Qwen3-Next-80B-A3B-Instruct,Estimated from text
2026-01-09T06:11:18.716938,6515,S,1849,2347,4196,Qwen3-Next-80B-A3B-Instruct,Estimated from text
2026-01-09T06:11:22.939602,6515,A,6230,687,6917,Qwen3-Next-80B-A3B-Instruct,Estimated from text
2026-01-09T06:11:25.757045,6515,B,3309,401,3710,Qwen3-Next-80B-A3B-Instruct,Estimated from text
2026-01-09T06:11:37.137270,6516,S,1849,1858,3707,Qwen3-Next-80B-A3B-Instruct,Estimated from text
2026-01-09T06:11:41.960201,6516,A,5728,789,6517,Qwen3-Next-80B-A3B-Instruct,Estimated from text
2026-01-09T06:11:44.875167,6516,B,3407,478,3885,Qwen3-Next-80B-A3B-Instruct,Estimated from text
2026-01-09T06:11:57.853603,6517,S,1849,2441,4290,Qwen3-Next-80B-A3B-Instruct,Estimated from text
2026-01-09T06:12:04.085402,6517,A,6318,1104,7422,Qwen3-Next-80B-A3B-Instruct,Estimated from text
2026-01-09T06:12:07.199842,6517,B,3722,540,4262,Qwen3-Next-80B-A3B-Instruct,Estimated from text
2026-01-09T06:12:17.068538,6518,S,1849,1901,3750,Qwen3-Next-80B-A3B-Instruct,Estimated from text
2026-01-09T06:12:22.696921,6518,A,5772,971,6743,Qwen3-Next-80B-A3B-Instruct,Estimated from text
2026-01-09T06:12:26.417600,6518,B,3589,549,4138,Qwen3-Next-80B-A3B-Instruct,Estimated from text
2026-01-09T06:12:37.299474,6519,S,1849,1965,3814,Qwen3-Next-80B-A3B-Instruct,Estimated from text
2026-01-09T06:12:41.321770,6519,A,5835,777,6612,Qwen3-Next-80B-A3B-Instruct,Estimated from text
2026-01-09T06:12:44.438749,6519,B,3395,525,3920,Qwen3-Next-80B-A3B-Instruct,Estimated from text
2026-01-09T06:12:55.143870,6520,S,1849,1999,3848,Qwen3-Next-80B-A3B-Instruct,Estimated from text
2026-01-09T06:13:00.263780,6520,A,5871,885,6756,Qwen3-Next-80B-A3B-Instruct,Estimated from text
2026-01-09T06:13:03.279410,6520,B,3503,481,3984,Qwen3-Next-80B-A3B-Instruct,Estimated from text
2026-01-09T06:13:14.261009,6521,S,1849,1986,3835,Qwen3-Next-80B-A3B-Instruct,Estimated from text
2026-01-09T06:13:18.980910,6521,A,5859,732,6591,Qwen3-Next-80B-A3B-Instruct,Estimated from text
2026-01-09T06:13:21.995095,6521,B,3351,503,3854,Qwen3-Next-80B-A3B-Instruct,Estimated from text
2026-01-09T06:13:32.471730,6522,S,1849,1913,3762,Qwen3-Next-80B-A3B-Instruct,Estimated from text
2026-01-09T06:13:36.291220,6522,A,5784,686,6470,Qwen3-Next-80B-A3B-Instruct,Estimated from text
2026-01-09T06:13:40.008408,6522,B,3304,624,3928,Qwen3-Next-80B-A3B-Instruct,Estimated from text
2026-01-09T06:13:52.510980,6523,S,1849,2399,4248,Qwen3-Next-80B-A3B-Instruct,Estimated from text
2026-01-09T06:13:57.133955,6523,A,6273,723,6996,Qwen3-Next-80B-A3B-Instruct,Estimated from text
2026-01-09T06:14:00.452696,6523,B,3342,575,3917,Qwen3-Next-80B-A3B-Instruct,Estimated from text
2026-01-09T06:14:11.955591,6524,S,1849,2097,3946,Qwen3-Next-80B-A3B-Instruct,Estimated from text
2026-01-09T06:14:17.496297,6524,A,5966,1149,7115,Qwen3-Next-80B-A3B-Instruct,Estimated from text
2026-01-09T06:14:20.915721,6524,B,3767,644,4411,Qwen3-Next-80B-A3B-Instruct,Estimated from text
2026-01-09T06:14:31.192673,6525,S,1849,1857,3706,Qwen3-Next-80B-A3B-Instruct,Estimated from text
2026-01-09T06:14:34.912876,6525,A,5730,621,6351,Qwen3-Next-80B-A3B-Instruct,Estimated from text
2026-01-09T06:14:37.927899,6525,B,3240,538,3778,Qwen3-Next-80B-A3B-Instruct,Estimated from text
2026-01-09T06:14:49.116806,6526,S,1849,2020,3869,Qwen3-Next-80B-A3B-Instruct,Estimated from text
2026-01-09T06:14:55.343751,6526,A,5894,1147,7041,Qwen3-Next-80B-A3B-Instruct,Estimated from text
2026-01-09T06:15:00.869140,6526,B,3765,534,4299,Qwen3-Next-80B-A3B-Instruct,Estimated from text
2026-01-09T06:15:11.271736,6527,S,1849,1786,3635,Qwen3-Next-80B-A3B-Instruct,Estimated from text
2026-01-09T06:15:15.492134,6527,A,5655,753,6408,Qwen3-Next-80B-A3B-Instruct,Estimated from text
2026-01-09T06:15:19.112705,6527,B,3372,568,3940,Qwen3-Next-80B-A3B-Instruct,Estimated from text
2026-01-09T06:15:29.497107,6528,S,1849,1872,3721,Qwen3-Next-80B-A3B-Instruct,Estimated from text
2026-01-09T06:15:36.023645,6528,A,5746,1236,6982,Qwen3-Next-80B-A3B-Instruct,Estimated from text
2026-01-09T06:15:39.239084,6528,B,3855,495,4350,Qwen3-Next-80B-A3B-Instruct,Estimated from text
2026-01-09T06:15:50.585364,6531,S,1849,2145,3994,Qwen3-Next-80B-A3B-Instruct,Estimated from text
2026-01-09T06:15:54.606972,6531,A,6024,835,6859,Qwen3-Next-80B-A3B-Instruct,Estimated from text
2026-01-09T06:15:57.322044,6531,B,3462,547,4009,Qwen3-Next-80B-A3B-Instruct,Estimated from text
2026-01-09T06:16:06.496820,6532,S,1849,1601,3450,Qwen3-Next-80B-A3B-Instruct,Estimated from text
2026-01-09T06:16:10.326328,6532,A,5475,657,6132,Qwen3-Next-80B-A3B-Instruct,Estimated from text
2026-01-09T06:16:13.644926,6532,B,3284,537,3821,Qwen3-Next-80B-A3B-Instruct,Estimated from text
2026-01-09T06:16:24.234907,6533,S,1849,1986,3835,Qwen3-Next-80B-A3B-Instruct,Estimated from text
2026-01-09T06:16:29.056328,6533,A,5867,756,6623,Qwen3-Next-80B-A3B-Instruct,Estimated from text
2026-01-09T06:16:32.271647,6533,B,3381,484,3865,Qwen3-Next-80B-A3B-Instruct,Estimated from text
2026-01-09T06:16:43.437503,6534,S,1849,1979,3828,Qwen3-Next-80B-A3B-Instruct,Estimated from text
2026-01-09T06:16:48.877667,6534,A,5858,831,6689,Qwen3-Next-80B-A3B-Instruct,Estimated from text
2026-01-09T06:16:51.996051,6534,B,3457,475,3932,Qwen3-Next-80B-A3B-Instruct,Estimated from text
2026-01-09T06:17:01.876776,6535,S,1849,1871,3720,Qwen3-Next-80B-A3B-Instruct,Estimated from text
2026-01-09T06:17:06.296475,6535,A,5751,756,6507,Qwen3-Next-80B-A3B-Instruct,Estimated from text
2026-01-09T06:17:09.811908,6535,B,3382,574,3956,Qwen3-Next-80B-A3B-Instruct,Estimated from text
2026-01-09T06:17:19.624787,6536,S,1849,1801,3650,Qwen3-Next-80B-A3B-Instruct,Estimated from text
2026-01-09T06:17:23.843544,6536,A,5681,796,6477,Qwen3-Next-80B-A3B-Instruct,Estimated from text
2026-01-09T06:17:28.772400,6536,B,3422,821,4243,Qwen3-Next-80B-A3B-Instruct,Estimated from text
2026-01-09T06:17:39.255052,6537,S,1849,1896,3745,Qwen3-Next-80B-A3B-Instruct,Estimated from text
2026-01-09T06:17:44.176345,6537,A,5774,855,6629,Qwen3-Next-80B-A3B-Instruct,Estimated from text
2026-01-09T06:17:47.193298,6537,B,3481,480,3961,Qwen3-Next-80B-A3B-Instruct,Estimated from text
2026-01-09T06:17:57.387738,6538,S,1849,1872,3721,Qwen3-Next-80B-A3B-Instruct,Estimated from text
2026-01-09T06:18:02.416758,6538,A,5749,744,6493,Qwen3-Next-80B-A3B-Instruct,Estimated from text
2026-01-09T06:18:05.833844,6538,B,3370,470,3840,Qwen3-Next-80B-A3B-Instruct,Estimated from text
2026-01-09T06:18:13.496946,6539,S,1849,1279,3128,Qwen3-Next-80B-A3B-Instruct,Estimated from text
2026-01-09T06:18:17.731426,6539,A,5151,763,5914,Qwen3-Next-80B-A3B-Instruct,Estimated from text
2026-01-09T06:18:20.557707,6539,B,3389,402,3791,Qwen3-Next-80B-A3B-Instruct,Estimated from text
2026-01-09T06:18:30.548161,6540,S,1849,1824,3673,Qwen3-Next-80B-A3B-Instruct,Estimated from text
2026-01-09T06:18:34.767369,6540,A,5703,813,6516,Qwen3-Next-80B-A3B-Instruct,Estimated from text
2026-01-09T06:18:37.982961,6540,B,3439,561,4000,Qwen3-Next-80B-A3B-Instruct,Estimated from text
2026-01-09T06:18:47.657227,6541,S,1849,1929,3778,Qwen3-Next-80B-A3B-Instruct,Estimated from text
2026-01-09T06:18:52.781667,6541,A,5807,776,6583,Qwen3-Next-80B-A3B-Instruct,Estimated from text
2026-01-09T06:18:55.897926,6541,B,3402,484,3886,Qwen3-Next-80B-A3B-Instruct,Estimated from text
2026-01-09T06:19:05.570300,6542,S,1849,1743,3592,Qwen3-Next-80B-A3B-Instruct,Estimated from text
2026-01-09T06:19:09.905204,6542,A,5621,675,6296,Qwen3-Next-80B-A3B-Instruct,Estimated from text
2026-01-09T06:19:13.021980,6542,B,3300,528,3828,Qwen3-Next-80B-A3B-Instruct,Estimated from text
2026-01-09T06:19:22.630263,6544,S,1849,1701,3550,Qwen3-Next-80B-A3B-Instruct,Estimated from text
2026-01-09T06:19:26.648747,6544,A,5577,757,6334,Qwen3-Next-80B-A3B-Instruct,Estimated from text
2026-01-09T06:19:30.471771,6544,B,3381,665,4046,Qwen3-Next-80B-A3B-Instruct,Estimated from text
2026-01-09T06:19:40.766405,6545,S,1849,1905,3754,Qwen3-Next-80B-A3B-Instruct,Estimated from text
2026-01-09T06:19:45.185641,6545,A,5775,702,6477,Qwen3-Next-80B-A3B-Instruct,Estimated from text
2026-01-09T06:19:48.302057,6545,B,3322,464,3786,Qwen3-Next-80B-A3B-Instruct,Estimated from text
2026-01-09T06:19:57.998358,6546,S,1849,1725,3574,Qwen3-Next-80B-A3B-Instruct,Estimated from text
2026-01-09T06:20:02.019949,6546,A,5598,673,6271,Qwen3-Next-80B-A3B-Instruct,Estimated from text
2026-01-09T06:20:05.236415,6546,B,3293,507,3800,Qwen3-Next-80B-A3B-Instruct,Estimated from text
2026-01-09T06:20:13.811450,6547,S,1849,1501,3350,Qwen3-Next-80B-A3B-Instruct,Estimated from text
2026-01-09T06:20:17.630503,6547,A,5370,642,6012,Qwen3-Next-80B-A3B-Instruct,Estimated from text
2026-01-09T06:20:20.545987,6547,B,3262,461,3723,Qwen3-Next-80B-A3B-Instruct,Estimated from text
2026-01-09T06:20:29.526312,6548,S,1849,1639,3488,Qwen3-Next-80B-A3B-Instruct,Estimated from text
2026-01-09T06:20:33.746117,6548,A,5509,613,6122,Qwen3-Next-80B-A3B-Instruct,Estimated from text
2026-01-09T06:20:36.963441,6548,B,3233,508,3741,Qwen3-Next-80B-A3B-Instruct,Estimated from text
2026-01-09T06:20:46.631033,6549,S,1849,1772,3621,Qwen3-Next-80B-A3B-Instruct,Estimated from text
2026-01-09T06:20:50.649062,6549,A,5644,653,6297,Qwen3-Next-80B-A3B-Instruct,Estimated from text
2026-01-09T06:20:53.564838,6549,B,3273,474,3747,Qwen3-Next-80B-A3B-Instruct,Estimated from text
2026-01-09T06:21:03.465787,6551,S,1849,1782,3631,Qwen3-Next-80B-A3B-Instruct,Estimated from text
2026-01-09T06:21:07.284972,6551,A,5659,669,6328,Qwen3-Next-80B-A3B-Instruct,Estimated from text
2026-01-09T06:21:10.701172,6551,B,3294,554,3848,Qwen3-Next-80B-A3B-Instruct,Estimated from text
2026-01-09T06:21:21.274671,6552,S,1849,1838,3687,Qwen3-Next-80B-A3B-Instruct,Estimated from text
2026-01-09T06:21:24.588198,6552,A,5715,516,6231,Qwen3-Next-80B-A3B-Instruct,Estimated from text
2026-01-09T06:21:27.802560,6552,B,3141,504,3645,Qwen3-Next-80B-A3B-Instruct,Estimated from text
2026-01-09T06:21:38.383840,6553,S,1849,1787,3636,Qwen3-Next-80B-A3B-Instruct,Estimated from text
2026-01-09T06:21:42.505135,6553,A,5661,735,6396,Qwen3-Next-80B-A3B-Instruct,Estimated from text
2026-01-09T06:21:45.720799,6553,B,3357,515,3872,Qwen3-Next-80B-A3B-Instruct,Estimated from text
2026-01-09T06:21:54.282820,6554,S,1849,1443,3292,Qwen3-Next-80B-A3B-Instruct,Estimated from text
2026-01-09T06:21:58.302268,6554,A,5313,610,5923,Qwen3-Next-80B-A3B-Instruct,Estimated from text
2026-01-09T06:22:01.016191,6554,B,3231,399,3630,Qwen3-Next-80B-A3B-Instruct,Estimated from text
2026-01-09T06:22:11.098910,6555,S,1849,1812,3661,Qwen3-Next-80B-A3B-Instruct,Estimated from text
2026-01-09T06:22:15.417391,6555,A,5683,732,6415,Qwen3-Next-80B-A3B-Instruct,Estimated from text
2026-01-09T06:22:18.643869,6555,B,3353,596,3949,Qwen3-Next-80B-A3B-Instruct,Estimated from text
2026-01-09T06:22:28.422952,6556,S,1849,1862,3711,Qwen3-Next-80B-A3B-Instruct,Estimated from text
2026-01-09T06:22:32.653835,6556,A,5734,693,6427,Qwen3-Next-80B-A3B-Instruct,Estimated from text
2026-01-09T06:22:36.375263,6556,B,3315,591,3906,Qwen3-Next-80B-A3B-Instruct,Estimated from text
2026-01-09T06:22:46.844504,6557,S,1849,1812,3661,Qwen3-Next-80B-A3B-Instruct,Estimated from text
2026-01-09T06:22:50.661639,6557,A,5686,613,6299,Qwen3-Next-80B-A3B-Instruct,Estimated from text
2026-01-09T06:22:54.078239,6557,B,3234,492,3726,Qwen3-Next-80B-A3B-Instruct,Estimated from text
2026-01-09T06:23:03.878945,6558,S,1849,1795,3644,Qwen3-Next-80B-A3B-Instruct,Estimated from text
2026-01-09T06:23:08.096609,6558,A,5670,759,6429,Qwen3-Next-80B-A3B-Instruct,Estimated from text
2026-01-09T06:23:11.323406,6558,B,3381,535,3916,Qwen3-Next-80B-A3B-Instruct,Estimated from text
2026-01-09T06:23:21.994443,6559,S,1849,1955,3804,Qwen3-Next-80B-A3B-Instruct,Estimated from text
2026-01-09T06:23:26.414726,6559,A,5828,727,6555,Qwen3-Next-80B-A3B-Instruct,Estimated from text
2026-01-09T06:23:29.733796,6559,B,3348,570,3918,Qwen3-Next-80B-A3B-Instruct,Estimated from text
2026-01-09T06:23:40.307751,6560,S,1849,1964,3813,Qwen3-Next-80B-A3B-Instruct,Estimated from text
2026-01-09T06:23:44.535589,6560,A,5838,753,6591,Qwen3-Next-80B-A3B-Instruct,Estimated from text
2026-01-09T06:23:48.253656,6560,B,3375,621,3996,Qwen3-Next-80B-A3B-Instruct,Estimated from text
2026-01-09T06:23:59.736919,6561,S,1849,2189,4038,Qwen3-Next-80B-A3B-Instruct,Estimated from text
2026-01-09T06:24:04.156383,6561,A,6064,809,6873,Qwen3-Next-80B-A3B-Instruct,Estimated from text
2026-01-09T06:24:07.372813,6561,B,3430,551,3981,Qwen3-Next-80B-A3B-Instruct,Estimated from text
2026-01-09T06:24:16.934118,6562,S,1849,1887,3736,Qwen3-Next-80B-A3B-Instruct,Estimated from text
2026-01-09T06:24:21.154596,6562,A,5760,775,6535,Qwen3-Next-80B-A3B-Instruct,Estimated from text
2026-01-09T06:24:24.570299,6562,B,3396,528,3924,Qwen3-Next-80B-A3B-Instruct,Estimated from text
2026-01-09T06:24:34.700483,6564,S,1849,1820,3669,Qwen3-Next-80B-A3B-Instruct,Estimated from text
2026-01-09T06:24:38.420058,6564,A,5703,684,6387,Qwen3-Next-80B-A3B-Instruct,Estimated from text
2026-01-09T06:25:24.076233,6565,S,1849,1938,3787,Qwen3-Next-80B-A3B-Instruct,Estimated from text
2026-01-09T06:25:27.290864,6565,A,5824,519,6343,Qwen3-Next-80B-A3B-Instruct,Estimated from text
2026-01-09T06:25:32.013209,6565,B,3150,798,3948,Qwen3-Next-80B-A3B-Instruct,Estimated from text
2026-01-09T06:25:42.308149,6566,S,1849,1968,3817,Qwen3-Next-80B-A3B-Instruct,Estimated from text
2026-01-09T06:25:47.135676,6566,A,5844,890,6734,Qwen3-Next-80B-A3B-Instruct,Estimated from text
2026-01-09T06:25:50.653009,6566,B,3513,555,4068,Qwen3-Next-80B-A3B-Instruct,Estimated from text
2026-01-09T06:26:01.029520,6567,S,1849,1930,3779,Qwen3-Next-80B-A3B-Instruct,Estimated from text
2026-01-09T06:26:05.560192,6567,A,5805,821,6626,Qwen3-Next-80B-A3B-Instruct,Estimated from text
2026-01-09T06:26:08.678777,6567,B,3444,468,3912,Qwen3-Next-80B-A3B-Instruct,Estimated from text
2026-01-09T06:26:18.685169,6569,S,1849,2018,3867,Qwen3-Next-80B-A3B-Instruct,Estimated from text
2026-01-09T06:26:22.108552,6569,A,5898,589,6487,Qwen3-Next-80B-A3B-Instruct,Estimated from text
2026-01-09T06:27:06.735594,6570,S,1849,1805,3654,Qwen3-Next-80B-A3B-Instruct,Estimated from text
2026-01-09T06:27:11.153146,6570,A,5682,832,6514,Qwen3-Next-80B-A3B-Instruct,Estimated from text
2026-01-09T06:27:14.468540,6570,B,3459,552,4011,Qwen3-Next-80B-A3B-Instruct,Estimated from text
2026-01-09T06:27:25.142055,6571,S,1849,2069,3918,Qwen3-Next-80B-A3B-Instruct,Estimated from text
2026-01-09T06:27:30.366222,6571,A,5949,921,6870,Qwen3-Next-80B-A3B-Instruct,Estimated from text
2026-01-09T06:27:34.085973,6571,B,3548,570,4118,Qwen3-Next-80B-A3B-Instruct,Estimated from text
2026-01-09T06:27:45.262654,6572,S,1849,2005,3854,Qwen3-Next-80B-A3B-Instruct,Estimated from text
2026-01-09T06:27:52.596208,6572,A,5885,1301,7186,Qwen3-Next-80B-A3B-Instruct,Estimated from text
2026-01-09T06:27:55.814031,6572,B,3927,525,4452,Qwen3-Next-80B-A3B-Instruct,Estimated from text
2026-01-09T06:28:06.618434,6573,S,1849,1877,3726,Qwen3-Next-80B-A3B-Instruct,Estimated from text
2026-01-09T06:28:13.549080,6573,A,5757,1122,6879,Qwen3-Next-80B-A3B-Instruct,Estimated from text
2026-01-09T06:28:16.666604,6573,B,3747,462,4209,Qwen3-Next-80B-A3B-Instruct,Estimated from text
2026-01-09T06:28:25.861763,6575,S,1849,1770,3619,Qwen3-Next-80B-A3B-Instruct,Estimated from text
2026-01-09T06:28:30.182253,6575,A,5647,739,6386,Qwen3-Next-80B-A3B-Instruct,Estimated from text
2026-01-09T06:29:14.104135,6576,S,1849,1662,3511,Qwen3-Next-80B-A3B-Instruct,Estimated from text
2026-01-09T06:29:17.224887,6576,A,5538,516,6054,Qwen3-Next-80B-A3B-Instruct,Estimated from text
2026-01-09T06:29:19.940340,6576,B,3143,483,3626,Qwen3-Next-80B-A3B-Instruct,Estimated from text
2026-01-09T06:29:30.226393,6577,S,1849,1770,3619,Qwen3-Next-80B-A3B-Instruct,Estimated from text
2026-01-09T06:29:34.145659,6577,A,5649,652,6301,Qwen3-Next-80B-A3B-Instruct,Estimated from text
2026-01-09T06:29:37.261155,6577,B,3279,510,3789,Qwen3-Next-80B-A3B-Instruct,Estimated from text
2026-01-09T06:29:48.560326,6578,S,1849,2088,3937,Qwen3-Next-80B-A3B-Instruct,Estimated from text
2026-01-09T06:29:52.683292,6578,A,5967,733,6700,Qwen3-Next-80B-A3B-Instruct,Estimated from text
2026-01-09T06:29:55.601097,6578,B,3359,440,3799,Qwen3-Next-80B-A3B-Instruct,Estimated from text
2026-01-09T06:30:06.506551,6579,S,1849,1881,3730,Qwen3-Next-80B-A3B-Instruct,Estimated from text
2026-01-09T06:30:11.432538,6579,A,5759,960,6719,Qwen3-Next-80B-A3B-Instruct,Estimated from text
2026-01-09T06:30:14.347649,6579,B,3585,418,4003,Qwen3-Next-80B-A3B-Instruct,Estimated from text
2026-01-09T06:30:24.520290,6580,S,1849,1782,3631,Qwen3-Next-80B-A3B-Instruct,Estimated from text
2026-01-09T06:30:29.542600,6580,A,5659,858,6517,Qwen3-Next-80B-A3B-Instruct,Estimated from text
2026-01-09T06:30:32.755677,6580,B,3483,480,3963,Qwen3-Next-80B-A3B-Instruct,Estimated from text
2026-01-09T06:30:42.444918,6581,S,1849,1785,3634,Qwen3-Next-80B-A3B-Instruct,Estimated from text
2026-01-09T06:30:47.064846,6581,A,5662,874,6536,Qwen3-Next-80B-A3B-Instruct,Estimated from text
2026-01-09T06:30:50.281866,6581,B,3498,520,4018,Qwen3-Next-80B-A3B-Instruct,Estimated from text
2026-01-09T06:31:01.063670,6582,S,1849,1725,3574,Qwen3-Next-80B-A3B-Instruct,Estimated from text
2026-01-09T06:31:06.092625,6582,A,5605,858,6463,Qwen3-Next-80B-A3B-Instruct,Estimated from text
2026-01-09T06:31:09.411236,6582,B,3483,504,3987,Qwen3-Next-80B-A3B-Instruct,Estimated from text
2026-01-09T06:31:18.704476,6583,S,1849,1791,3640,Qwen3-Next-80B-A3B-Instruct,Estimated from text
2026-01-09T06:31:23.028417,6583,A,5663,887,6550,Qwen3-Next-80B-A3B-Instruct,Estimated from text
2026-01-09T06:31:25.944829,6583,B,3511,496,4007,Qwen3-Next-80B-A3B-Instruct,Estimated from text
2026-01-09T06:31:35.221236,6584,S,1849,1716,3565,Qwen3-Next-80B-A3B-Instruct,Estimated from text
2026-01-09T06:31:40.144358,6584,A,5595,911,6506,Qwen3-Next-80B-A3B-Instruct,Estimated from text
2026-01-09T06:31:43.260098,6584,B,3535,498,4033,Qwen3-Next-80B-A3B-Instruct,Estimated from text
2026-01-09T06:31:52.029281,6585,S,1849,1572,3421,Qwen3-Next-80B-A3B-Instruct,Estimated from text
2026-01-09T06:31:55.848165,6585,A,5447,635,6082,Qwen3-Next-80B-A3B-Instruct,Estimated from text
2026-01-09T06:31:59.375802,6585,B,3259,549,3808,Qwen3-Next-80B-A3B-Instruct,Estimated from text
2026-01-09T06:32:07.253912,6586,S,1849,1296,3145,Qwen3-Next-80B-A3B-Instruct,Estimated from text
2026-01-09T06:32:11.476472,6586,A,5168,732,5900,Qwen3-Next-80B-A3B-Instruct,Estimated from text
2026-01-09T06:32:14.393018,6586,B,3356,485,3841,Qwen3-Next-80B-A3B-Instruct,Estimated from text
2026-01-09T06:32:23.429516,6589,S,1849,1743,3592,Qwen3-Next-80B-A3B-Instruct,Estimated from text
2026-01-09T06:32:26.848582,6589,A,5621,624,6245,Qwen3-Next-80B-A3B-Instruct,Estimated from text
2026-01-09T06:32:32.472767,6589,B,3252,906,4158,Qwen3-Next-80B-A3B-Instruct,Estimated from text
2026-01-09T06:47:43.305842,6590,S,1849,1812,3661,Qwen3-Next-80B-A3B-Instruct,Estimated from text
2026-01-09T06:47:47.123337,6590,A,5691,537,6228,Qwen3-Next-80B-A3B-Instruct,Estimated from text
2026-01-09T06:47:50.142631,6590,B,3162,458,3620,Qwen3-Next-80B-A3B-Instruct,Estimated from text
2026-01-09T06:47:59.318297,6591,S,1849,1823,3672,Qwen3-Next-80B-A3B-Instruct,Estimated from text
2026-01-09T06:48:03.648079,6591,A,5697,701,6398,Qwen3-Next-80B-A3B-Instruct,Estimated from text
2026-01-09T06:48:06.766470,6591,B,3325,490,3815,Qwen3-Next-80B-A3B-Instruct,Estimated from text
2026-01-09T06:48:19.786648,6593,S,1849,2532,4381,Qwen3-Next-80B-A3B-Instruct,Estimated from text
2026-01-09T06:48:23.910361,6593,A,6417,768,7185,Qwen3-Next-80B-A3B-Instruct,Estimated from text
2026-01-09T06:48:26.924412,6593,B,3396,550,3946,Qwen3-Next-80B-A3B-Instruct,Estimated from text
2026-01-09T06:48:36.393822,6594,S,1849,1860,3709,Qwen3-Next-80B-A3B-Instruct,Estimated from text
2026-01-09T06:48:40.722638,6594,A,5738,820,6558,Qwen3-Next-80B-A3B-Instruct,Estimated from text
2026-01-09T06:48:43.751400,6594,B,3448,449,3897,Qwen3-Next-80B-A3B-Instruct,Estimated from text
2026-01-09T06:48:52.331486,6595,S,1849,1583,3432,Qwen3-Next-80B-A3B-Instruct,Estimated from text
2026-01-09T06:48:56.650346,6595,A,5454,678,6132,Qwen3-Next-80B-A3B-Instruct,Estimated from text
2026-01-09T06:48:59.868336,6595,B,3302,474,3776,Qwen3-Next-80B-A3B-Instruct,Estimated from text
2026-01-09T06:49:10.556555,6597,S,1849,2100,3949,Qwen3-Next-80B-A3B-Instruct,Estimated from text
2026-01-09T06:49:14.271900,6597,A,5982,752,6734,Qwen3-Next-80B-A3B-Instruct,Estimated from text
2026-01-09T06:49:17.287559,6597,B,3381,456,3837,Qwen3-Next-80B-A3B-Instruct,Estimated from text
2026-01-09T06:49:29.372574,6598,S,1849,2334,4183,Qwen3-Next-80B-A3B-Instruct,Estimated from text
2026-01-09T06:49:34.395539,6598,A,6215,927,7142,Qwen3-Next-80B-A3B-Instruct,Estimated from text
2026-01-09T06:49:37.409765,6598,B,3553,476,4029,Qwen3-Next-80B-A3B-Instruct,Estimated from text
2026-01-09T06:49:48.596668,6599,S,1849,2301,4150,Qwen3-Next-80B-A3B-Instruct,Estimated from text
2026-01-09T06:49:53.222681,6599,A,6183,893,7076,Qwen3-Next-80B-A3B-Instruct,Estimated from text
2026-01-09T06:49:56.436867,6599,B,3519,525,4044,Qwen3-Next-80B-A3B-Instruct,Estimated from text
2026-01-09T06:50:06.421955,6600,S,1849,1916,3765,Qwen3-Next-80B-A3B-Instruct,Estimated from text
2026-01-09T06:50:11.145618,6600,A,5795,915,6710,Qwen3-Next-80B-A3B-Instruct,Estimated from text
2026-01-09T06:50:15.466086,6600,B,3541,796,4337,Qwen3-Next-80B-A3B-Instruct,Estimated from text
2026-01-09T06:50:24.230827,6601,S,1849,1617,3466,Qwen3-Next-80B-A3B-Instruct,Estimated from text
2026-01-09T06:50:28.053021,6601,A,5493,672,6165,Qwen3-Next-80B-A3B-Instruct,Estimated from text
2026-01-09T06:50:32.777483,6601,B,3298,733,4031,Qwen3-Next-80B-A3B-Instruct,Estimated from text
2026-01-09T06:50:42.352088,6602,S,1849,1921,3770,Qwen3-Next-80B-A3B-Instruct,Estimated from text
2026-01-09T06:50:45.967704,6602,A,5799,639,6438,Qwen3-Next-80B-A3B-Instruct,Estimated from text
2026-01-09T06:50:49.087015,6602,B,3264,520,3784,Qwen3-Next-80B-A3B-Instruct,Estimated from text
2026-01-09T06:50:57.651985,6603,S,1849,1593,3442,Qwen3-Next-80B-A3B-Instruct,Estimated from text
2026-01-09T06:51:02.172985,6603,A,5472,717,6189,Qwen3-Next-80B-A3B-Instruct,Estimated from text
2026-01-09T06:51:08.503356,6603,B,3342,1015,4357,Qwen3-Next-80B-A3B-Instruct,Estimated from text
2026-01-09T06:51:18.179319,6604,S,1849,1867,3716,Qwen3-Next-80B-A3B-Instruct,Estimated from text
2026-01-09T06:51:22.706342,6604,A,5742,723,6465,Qwen3-Next-80B-A3B-Instruct,Estimated from text
2026-01-09T06:51:26.022825,6604,B,3348,515,3863,Qwen3-Next-80B-A3B-Instruct,Estimated from text
2026-01-09T06:51:37.439623,6606,S,1849,2175,4024,Qwen3-Next-80B-A3B-Instruct,Estimated from text
2026-01-09T06:51:40.955906,6606,A,6060,727,6787,Qwen3-Next-80B-A3B-Instruct,Estimated from text
2026-01-09T06:51:43.670237,6606,B,3360,540,3900,Qwen3-Next-80B-A3B-Instruct,Estimated from text
2026-01-09T06:51:53.139132,6607,S,1849,1792,3641,Qwen3-Next-80B-A3B-Instruct,Estimated from text
2026-01-09T06:51:56.655939,6607,A,5677,617,6294,Qwen3-Next-80B-A3B-Instruct,Estimated from text
2026-01-09T06:51:59.870936,6607,B,3249,633,3882,Qwen3-Next-80B-A3B-Instruct,Estimated from text
2026-01-09T06:52:11.959558,6608,S,1849,2191,4040,Qwen3-Next-80B-A3B-Instruct,Estimated from text
2026-01-09T06:52:17.385889,6608,A,6080,932,7012,Qwen3-Next-80B-A3B-Instruct,Estimated from text
2026-01-09T06:53:04.576462,6609,S,1849,1962,3811,Qwen3-Next-80B-A3B-Instruct,Estimated from text
2026-01-09T06:53:08.497924,6609,A,5848,689,6537,Qwen3-Next-80B-A3B-Instruct,Estimated from text
2026-01-09T06:53:54.732135,6610,S,1849,2165,4014,Qwen3-Next-80B-A3B-Instruct,Estimated from text
2026-01-09T06:53:58.749947,6610,A,6051,773,6824,Qwen3-Next-80B-A3B-Instruct,Estimated from text
2026-01-09T06:54:43.006200,6611,S,1849,1955,3804,Qwen3-Next-80B-A3B-Instruct,Estimated from text
2026-01-09T06:54:46.321836,6611,A,5841,582,6423,Qwen3-Next-80B-A3B-Instruct,Estimated from text
2026-01-09T06:54:49.540052,6611,B,3215,515,3730,Qwen3-Next-80B-A3B-Instruct,Estimated from text
2026-01-09T06:55:00.835924,6612,S,1849,2154,4003,Qwen3-Next-80B-A3B-Instruct,Estimated from text
2026-01-09T06:55:05.556324,6612,A,6042,866,6908,Qwen3-Next-80B-A3B-Instruct,Estimated from text
2026-01-09T06:55:08.775381,6612,B,3496,471,3967,Qwen3-Next-80B-A3B-Instruct,Estimated from text
2026-01-09T06:55:19.485835,6613,S,1849,2092,3941,Qwen3-Next-80B-A3B-Instruct,Estimated from text
2026-01-09T06:55:24.810789,6613,A,5973,850,6823,Qwen3-Next-80B-A3B-Instruct,Estimated from text
2026-01-09T06:55:27.825671,6613,B,3480,480,3960,Qwen3-Next-80B-A3B-Instruct,Estimated from text
2026-01-09T06:55:37.193508,6614,S,1849,1692,3541,Qwen3-Next-80B-A3B-Instruct,Estimated from text
2026-01-09T06:55:41.514032,6614,A,5574,681,6255,Qwen3-Next-80B-A3B-Instruct,Estimated from text
2026-01-09T06:55:44.832178,6614,B,3311,498,3809,Qwen3-Next-80B-A3B-Instruct,Estimated from text
2026-01-09T06:55:56.558338,6616,S,1849,2232,4081,Qwen3-Next-80B-A3B-Instruct,Estimated from text
2026-01-09T06:56:01.985481,6616,A,6126,1134,7260,Qwen3-Next-80B-A3B-Instruct,Estimated from text
2026-01-09T06:56:04.897891,6616,B,3768,474,4242,Qwen3-Next-80B-A3B-Instruct,Estimated from text
2026-01-09T06:56:13.366095,6617,S,1849,1415,3264,Qwen3-Next-80B-A3B-Instruct,Estimated from text
2026-01-09T06:56:17.488389,6617,A,5293,651,5944,Qwen3-Next-80B-A3B-Instruct,Estimated from text
2026-01-09T06:56:20.807658,6617,B,3282,512,3794,Qwen3-Next-80B-A3B-Instruct,Estimated from text
2026-01-09T06:56:30.912096,6618,S,1849,1910,3759,Qwen3-Next-80B-A3B-Instruct,Estimated from text
2026-01-09T06:56:35.030070,6618,A,5795,777,6572,Qwen3-Next-80B-A3B-Instruct,Estimated from text
2026-01-09T06:56:37.843277,6618,B,3407,516,3923,Qwen3-Next-80B-A3B-Instruct,Estimated from text
2026-01-09T06:56:47.757873,6620,S,1849,1798,3647,Qwen3-Next-80B-A3B-Instruct,Estimated from text
2026-01-09T06:56:51.697916,6620,A,5682,701,6383,Qwen3-Next-80B-A3B-Instruct,Estimated from text
2026-01-09T06:56:54.814594,6620,B,3333,537,3870,Qwen3-Next-80B-A3B-Instruct,Estimated from text
2026-01-09T06:57:05.947139,6621,S,1849,2156,4005,Qwen3-Next-80B-A3B-Instruct,Estimated from text
2026-01-09T06:57:09.762379,6621,A,6037,605,6642,Qwen3-Next-80B-A3B-Instruct,Estimated from text
2026-01-09T06:57:12.881599,6621,B,3234,528,3762,Qwen3-Next-80B-A3B-Instruct,Estimated from text
2026-01-09T06:57:24.692326,6622,S,1849,2271,4120,Qwen3-Next-80B-A3B-Instruct,Estimated from text
2026-01-09T06:57:30.624611,6622,A,6157,1184,7341,Qwen3-Next-80B-A3B-Instruct,Estimated from text
2026-01-09T06:57:33.665648,6622,B,3813,442,4255,Qwen3-Next-80B-A3B-Instruct,Estimated from text
2026-01-09T06:57:45.833025,6623,S,1849,2361,4210,Qwen3-Next-80B-A3B-Instruct,Estimated from text
2026-01-09T06:57:50.553803,6623,A,6251,870,7121,Qwen3-Next-80B-A3B-Instruct,Estimated from text
2026-01-09T06:57:53.770428,6623,B,3499,478,3977,Qwen3-Next-80B-A3B-Instruct,Estimated from text
2026-01-09T06:58:05.444062,6624,S,1849,2220,4069,Qwen3-Next-80B-A3B-Instruct,Estimated from text
2026-01-09T06:58:10.870033,6624,A,6105,979,7084,Qwen3-Next-80B-A3B-Instruct,Estimated from text
2026-01-09T06:58:14.387406,6624,B,3608,487,4095,Qwen3-Next-80B-A3B-Instruct,Estimated from text
2026-01-09T06:58:25.172943,6625,S,1849,2136,3985,Qwen3-Next-80B-A3B-Instruct,Estimated from text
2026-01-09T06:58:29.795024,6625,A,6018,741,6759,Qwen3-Next-80B-A3B-Instruct,Estimated from text
2026-01-09T06:58:33.115341,6625,B,3370,546,3916,Qwen3-Next-80B-A3B-Instruct,Estimated from text
2026-01-09T06:58:43.495996,6626,S,1849,1884,3733,Qwen3-Next-80B-A3B-Instruct,Estimated from text
2026-01-09T06:58:48.218718,6626,A,5766,813,6579,Qwen3-Next-80B-A3B-Instruct,Estimated from text
2026-01-09T06:58:51.238308,6626,B,3441,490,3931,Qwen3-Next-80B-A3B-Instruct,Estimated from text
2026-01-09T06:59:00.434511,6627,S,1849,1716,3565,Qwen3-Next-80B-A3B-Instruct,Estimated from text
2026-01-09T06:59:04.958879,6627,A,5598,723,6321,Qwen3-Next-80B-A3B-Instruct,Estimated from text
2026-01-09T06:59:07.780113,6627,B,3351,465,3816,Qwen3-Next-80B-A3B-Instruct,Estimated from text
2026-01-09T06:59:18.676716,6628,S,1849,2085,3934,Qwen3-Next-80B-A3B-Instruct,Estimated from text
2026-01-09T06:59:22.909677,6628,A,5969,729,6698,Qwen3-Next-80B-A3B-Instruct,Estimated from text
2026-01-09T06:59:25.822274,6628,B,3358,468,3826,Qwen3-Next-80B-A3B-Instruct,Estimated from text
2026-01-09T06:59:35.318700,6629,S,1849,1796,3645,Qwen3-Next-80B-A3B-Instruct,Estimated from text
2026-01-09T06:59:40.445535,6629,A,5676,930,6606,Qwen3-Next-80B-A3B-Instruct,Estimated from text
2026-01-09T06:59:43.560081,6629,B,3559,451,4010,Qwen3-Next-80B-A3B-Instruct,Estimated from text
2026-01-09T06:59:52.422079,6630,S,1849,1583,3432,Qwen3-Next-80B-A3B-Instruct,Estimated from text
2026-01-09T06:59:56.341032,6630,A,5461,750,6211,Qwen3-Next-80B-A3B-Instruct,Estimated from text
2026-01-09T06:59:59.555440,6630,B,3379,502,3881,Qwen3-Next-80B-A3B-Instruct,Estimated from text
2026-01-09T07:00:09.424805,6631,S,1849,1827,3676,Qwen3-Next-80B-A3B-Instruct,Estimated from text
2026-01-09T07:00:14.345745,6631,A,5707,852,6559,Qwen3-Next-80B-A3B-Instruct,Estimated from text
2026-01-09T07:00:17.462115,6631,B,3480,477,3957,Qwen3-Next-80B-A3B-Instruct,Estimated from text
2026-01-09T07:00:26.423468,6632,S,1849,1620,3469,Qwen3-Next-80B-A3B-Instruct,Estimated from text
2026-01-09T07:00:30.344917,6632,A,5501,677,6178,Qwen3-Next-80B-A3B-Instruct,Estimated from text
2026-01-09T07:00:33.473289,6632,B,3306,452,3758,Qwen3-Next-80B-A3B-Instruct,Estimated from text
2026-01-09T07:00:43.558261,6633,S,1849,1836,3685,Qwen3-Next-80B-A3B-Instruct,Estimated from text
2026-01-09T07:00:48.278813,6633,A,5717,822,6539,Qwen3-Next-80B-A3B-Instruct,Estimated from text
2026-01-09T07:00:52.299368,6633,B,3451,696,4147,Qwen3-Next-80B-A3B-Instruct,Estimated from text
2026-01-09T07:01:02.106305,6635,S,1849,1868,3717,Qwen3-Next-80B-A3B-Instruct,Estimated from text
2026-01-09T07:01:06.023316,6635,A,5748,690,6438,Qwen3-Next-80B-A3B-Instruct,Estimated from text
2026-01-09T07:01:08.940571,6635,B,3318,459,3777,Qwen3-Next-80B-A3B-Instruct,Estimated from text
2026-01-09T07:01:18.422730,6636,S,1849,1774,3623,Qwen3-Next-80B-A3B-Instruct,Estimated from text
2026-01-09T07:01:23.445531,6636,A,5652,880,6532,Qwen3-Next-80B-A3B-Instruct,Estimated from text
2026-01-09T07:01:26.358774,6636,B,3507,437,3944,Qwen3-Next-80B-A3B-Instruct,Estimated from text
2026-01-09T07:01:36.651456,6638,S,1849,1872,3721,Qwen3-Next-80B-A3B-Instruct,Estimated from text
2026-01-09T07:01:40.772170,6638,A,5757,771,6528,Qwen3-Next-80B-A3B-Instruct,Estimated from text
2026-01-09T07:02:26.111422,6639,S,1849,2035,3884,Qwen3-Next-80B-A3B-Instruct,Estimated from text
2026-01-09T07:02:30.732223,6639,A,5922,900,6822,Qwen3-Next-80B-A3B-Instruct,Estimated from text
2026-01-09T07:02:33.547289,6639,B,3533,439,3972,Qwen3-Next-80B-A3B-Instruct,Estimated from text
2026-01-09T07:02:43.348080,6640,S,1849,1798,3647,Qwen3-Next-80B-A3B-Instruct,Estimated from text
2026-01-09T07:02:46.763680,6640,A,5673,556,6229,Qwen3-Next-80B-A3B-Instruct,Estimated from text
2026-01-09T07:02:49.679082,6640,B,3180,534,3714,Qwen3-Next-80B-A3B-Instruct,Estimated from text
2026-01-09T07:02:59.488609,6642,S,1849,1859,3708,Qwen3-Next-80B-A3B-Instruct,Estimated from text
2026-01-09T07:03:03.209497,6642,A,5737,681,6418,Qwen3-Next-80B-A3B-Instruct,Estimated from text
2026-01-09T07:03:06.523963,6642,B,3308,573,3881,Qwen3-Next-80B-A3B-Instruct,Estimated from text
2026-01-09T07:03:19.112559,6643,S,1849,2304,4153,Qwen3-Next-80B-A3B-Instruct,Estimated from text
2026-01-09T07:03:23.337585,6643,A,6185,701,6886,Qwen3-Next-80B-A3B-Instruct,Estimated from text
2026-01-09T07:03:26.152428,6643,B,3322,423,3745,Qwen3-Next-80B-A3B-Instruct,Estimated from text
2026-01-09T07:03:35.826175,6644,S,1849,1866,3715,Qwen3-Next-80B-A3B-Instruct,Estimated from text
2026-01-09T07:03:40.651217,6644,A,5739,982,6721,Qwen3-Next-80B-A3B-Instruct,Estimated from text
2026-01-09T07:03:44.678894,6644,B,3603,673,4276,Qwen3-Next-80B-A3B-Instruct,Estimated from text
2026-01-09T07:03:53.260803,6645,S,1849,1592,3441,Qwen3-Next-80B-A3B-Instruct,Estimated from text
2026-01-09T07:03:57.383478,6645,A,5462,644,6106,Qwen3-Next-80B-A3B-Instruct,Estimated from text
2026-01-09T07:04:00.198003,6645,B,3265,399,3664,Qwen3-Next-80B-A3B-Instruct,Estimated from text
2026-01-09T07:04:11.379800,6646,S,1849,2097,3946,Qwen3-Next-80B-A3B-Instruct,Estimated from text
2026-01-09T07:04:16.204526,6646,A,5970,815,6785,Qwen3-Next-80B-A3B-Instruct,Estimated from text
2026-01-09T07:04:19.320666,6646,B,3436,457,3893,Qwen3-Next-80B-A3B-Instruct,Estimated from text
2026-01-09T07:04:29.431869,6648,S,1849,1821,3670,Qwen3-Next-80B-A3B-Instruct,Estimated from text
2026-01-09T07:04:32.750400,6648,A,5699,548,6247,Qwen3-Next-80B-A3B-Instruct,Estimated from text
2026-01-09T07:04:36.370998,6648,B,3174,603,3777,Qwen3-Next-80B-A3B-Instruct,Estimated from text
2026-01-09T07:04:47.962433,6649,S,1849,2235,4084,Qwen3-Next-80B-A3B-Instruct,Estimated from text
2026-01-09T07:04:52.682938,6649,A,6114,791,6905,Qwen3-Next-80B-A3B-Instruct,Estimated from text
2026-01-09T07:04:55.902597,6649,B,3414,468,3882,Qwen3-Next-80B-A3B-Instruct,Estimated from text
2026-01-09T07:05:07.279784,6650,S,1849,2304,4153,Qwen3-Next-80B-A3B-Instruct,Estimated from text
2026-01-09T07:05:11.398979,6650,A,6185,723,6908,Qwen3-Next-80B-A3B-Instruct,Estimated from text
2026-01-09T07:05:14.412480,6650,B,3346,498,3844,Qwen3-Next-80B-A3B-Instruct,Estimated from text
2026-01-09T07:05:26.615916,6651,S,1849,2205,4054,Qwen3-Next-80B-A3B-Instruct,Estimated from text
2026-01-09T07:05:30.935493,6651,A,6084,711,6795,Qwen3-Next-80B-A3B-Instruct,Estimated from text
2026-01-09T07:05:34.369483,6651,B,3334,579,3913,Qwen3-Next-80B-A3B-Instruct,Estimated from text
2026-01-09T07:05:44.334086,6652,S,1849,1797,3646,Qwen3-Next-80B-A3B-Instruct,Estimated from text
2026-01-09T07:05:49.869884,6652,A,5670,1009,6679,Qwen3-Next-80B-A3B-Instruct,Estimated from text
2026-01-09T07:05:53.084614,6652,B,3632,531,4163,Qwen3-Next-80B-A3B-Instruct,Estimated from text
2026-01-09T07:06:03.080356,6654,S,1849,1800,3649,Qwen3-Next-80B-A3B-Instruct,Estimated from text
2026-01-09T07:06:07.506479,6654,A,5682,756,6438,Qwen3-Next-80B-A3B-Instruct,Estimated from text
2026-01-09T07:06:10.823644,6654,B,3384,496,3880,Qwen3-Next-80B-A3B-Instruct,Estimated from text
2026-01-09T07:06:21.414244,6655,S,1849,2135,3984,Qwen3-Next-80B-A3B-Instruct,Estimated from text
2026-01-09T07:06:25.738328,6655,A,6012,849,6861,Qwen3-Next-80B-A3B-Instruct,Estimated from text
2026-01-09T07:06:28.653945,6655,B,3474,453,3927,Qwen3-Next-80B-A3B-Instruct,Estimated from text
2026-01-09T07:06:40.866291,6657,S,1849,2336,4185,Qwen3-Next-80B-A3B-Instruct,Estimated from text
2026-01-09T07:06:44.082629,6657,A,6222,583,6805,Qwen3-Next-80B-A3B-Instruct,Estimated from text
2026-01-09T07:06:46.492970,6657,B,3211,422,3633,Qwen3-Next-80B-A3B-Instruct,Estimated from text
2026-01-09T07:06:58.369411,6658,S,1849,2326,4175,Qwen3-Next-80B-A3B-Instruct,Estimated from text
2026-01-09T07:07:01.987834,6658,A,6214,776,6990,Qwen3-Next-80B-A3B-Instruct,Estimated from text
2026-01-09T07:07:04.298908,6658,B,3404,403,3807,Qwen3-Next-80B-A3B-Instruct,Estimated from text
2026-01-09T07:07:14.590654,6659,S,1849,2078,3927,Qwen3-Next-80B-A3B-Instruct,Estimated from text
2026-01-09T07:07:18.315313,6659,A,5960,731,6691,Qwen3-Next-80B-A3B-Instruct,Estimated from text
2026-01-09T07:07:21.231323,6659,B,3359,537,3896,Qwen3-Next-80B-A3B-Instruct,Estimated from text
2026-01-09T07:07:31.517000,6660,S,1849,2000,3849,Qwen3-Next-80B-A3B-Instruct,Estimated from text
2026-01-09T07:07:35.039164,6660,A,5880,680,6560,Qwen3-Next-80B-A3B-Instruct,Estimated from text
2026-01-09T07:08:21.786124,6661,S,1849,2381,4230,Qwen3-Next-80B-A3B-Instruct,Estimated from text
2026-01-09T07:08:25.713759,6661,A,6266,650,6916,Qwen3-Next-80B-A3B-Instruct,Estimated from text
2026-01-09T07:08:29.032671,6661,B,3278,593,3871,Qwen3-Next-80B-A3B-Instruct,Estimated from text
2026-01-09T07:08:39.821369,6662,S,1849,2073,3922,Qwen3-Next-80B-A3B-Instruct,Estimated from text
2026-01-09T07:08:44.345755,6662,A,5957,818,6775,Qwen3-Next-80B-A3B-Instruct,Estimated from text
2026-01-09T07:08:47.963530,6662,B,3445,628,4073,Qwen3-Next-80B-A3B-Instruct,Estimated from text
2026-01-09T07:08:58.434498,6663,S,1849,2022,3871,Qwen3-Next-80B-A3B-Instruct,Estimated from text
2026-01-09T07:09:03.557265,6663,A,5906,894,6800,Qwen3-Next-80B-A3B-Instruct,Estimated from text
2026-01-09T07:09:06.474370,6663,B,3522,369,3891,Qwen3-Next-80B-A3B-Instruct,Estimated from text
2026-01-09T07:09:16.360006,6664,S,1849,1979,3828,Qwen3-Next-80B-A3B-Instruct,Estimated from text
2026-01-09T07:09:20.885313,6664,A,5860,735,6595,Qwen3-Next-80B-A3B-Instruct,Estimated from text
2026-01-09T07:09:24.003546,6664,B,3362,529,3891,Qwen3-Next-80B-A3B-Instruct,Estimated from text
2026-01-09T07:09:34.984124,6665,S,1849,1966,3815,Qwen3-Next-80B-A3B-Instruct,Estimated from text
2026-01-09T07:09:39.606595,6665,A,5847,661,6508,Qwen3-Next-80B-A3B-Instruct,Estimated from text
2026-01-09T07:09:43.027112,6665,B,3288,540,3828,Qwen3-Next-80B-A3B-Instruct,Estimated from text
2026-01-09T07:09:56.416542,6666,S,1849,2786,4635,Qwen3-Next-80B-A3B-Instruct,Estimated from text
2026-01-09T07:10:01.545164,6666,A,6675,918,7593,Qwen3-Next-80B-A3B-Instruct,Estimated from text
2026-01-09T07:10:04.861675,6666,B,3546,543,4089,Qwen3-Next-80B-A3B-Instruct,Estimated from text
2026-01-09T07:10:16.274363,6667,S,1849,2270,4119,Qwen3-Next-80B-A3B-Instruct,Estimated from text
2026-01-09T07:10:22.402410,6667,A,6156,1162,7318,Qwen3-Next-80B-A3B-Instruct,Estimated from text
2026-01-09T07:10:25.317634,6667,B,3789,444,4233,Qwen3-Next-80B-A3B-Instruct,Estimated from text
2026-01-09T07:10:34.880043,6668,S,1849,1869,3718,Qwen3-Next-80B-A3B-Instruct,Estimated from text
2026-01-09T07:10:40.211060,6668,A,5748,934,6682,Qwen3-Next-80B-A3B-Instruct,Estimated from text
2026-01-09T07:10:43.426766,6668,B,3561,524,4085,Qwen3-Next-80B-A3B-Instruct,Estimated from text
2026-01-09T07:10:54.108285,6669,S,1849,2115,3964,Qwen3-Next-80B-A3B-Instruct,Estimated from text
2026-01-09T07:10:58.826873,6669,A,5995,873,6868,Qwen3-Next-80B-A3B-Instruct,Estimated from text
2026-01-09T07:11:02.750684,6669,B,3500,714,4214,Qwen3-Next-80B-A3B-Instruct,Estimated from text
2026-01-09T07:11:13.121566,6670,S,1849,1919,3768,Qwen3-Next-80B-A3B-Instruct,Estimated from text
2026-01-09T07:11:17.843091,6670,A,5800,755,6555,Qwen3-Next-80B-A3B-Instruct,Estimated from text
2026-01-09T07:11:21.460830,6670,B,3382,599,3981,Qwen3-Next-80B-A3B-Instruct,Estimated from text
2026-01-09T07:11:32.066251,6672,S,1849,2039,3888,Qwen3-Next-80B-A3B-Instruct,Estimated from text
2026-01-09T07:11:35.884058,6672,A,5922,678,6600,Qwen3-Next-80B-A3B-Instruct,Estimated from text
2026-01-09T07:11:38.797141,6672,B,3306,512,3818,Qwen3-Next-80B-A3B-Instruct,Estimated from text
2026-01-09T07:11:47.887113,6673,S,1849,1692,3541,Qwen3-Next-80B-A3B-Instruct,Estimated from text
2026-01-09T07:11:52.409965,6673,A,5568,848,6416,Qwen3-Next-80B-A3B-Instruct,Estimated from text
2026-01-09T07:11:55.536968,6673,B,3476,501,3977,Qwen3-Next-80B-A3B-Instruct,Estimated from text
2026-01-09T07:12:05.521524,6674,S,1849,1935,3784,Qwen3-Next-80B-A3B-Instruct,Estimated from text
2026-01-09T07:12:09.744359,6674,A,5815,676,6491,Qwen3-Next-80B-A3B-Instruct,Estimated from text
2026-01-09T07:12:12.858309,6674,B,3303,486,3789,Qwen3-Next-80B-A3B-Instruct,Estimated from text
2026-01-09T07:12:23.444178,6675,S,1849,2070,3919,Qwen3-Next-80B-A3B-Instruct,Estimated from text
2026-01-09T07:12:27.261238,6675,A,5952,677,6629,Qwen3-Next-80B-A3B-Instruct,Estimated from text
2026-01-09T07:12:30.175467,6675,B,3304,462,3766,Qwen3-Next-80B-A3B-Instruct,Estimated from text
2026-01-09T07:12:41.761088,6676,S,1849,1926,3775,Qwen3-Next-80B-A3B-Instruct,Estimated from text
2026-01-09T07:12:46.282699,6676,A,5811,777,6588,Qwen3-Next-80B-A3B-Instruct,Estimated from text
2026-01-09T07:12:49.798229,6676,B,3404,524,3928,Qwen3-Next-80B-A3B-Instruct,Estimated from text
2026-01-09T07:12:58.898737,6678,S,1849,1627,3476,Qwen3-Next-80B-A3B-Instruct,Estimated from text
2026-01-09T07:13:03.318872,6678,A,5507,747,6254,Qwen3-Next-80B-A3B-Instruct,Estimated from text
2026-01-09T07:13:05.832287,6678,B,3375,438,3813,Qwen3-Next-80B-A3B-Instruct,Estimated from text
2026-01-09T07:13:16.919948,6679,S,1849,1911,3760,Qwen3-Next-80B-A3B-Instruct,Estimated from text
2026-01-09T07:13:20.440123,6679,A,5793,622,6415,Qwen3-Next-80B-A3B-Instruct,Estimated from text
2026-01-09T07:13:23.153997,6679,B,3250,430,3680,Qwen3-Next-80B-A3B-Instruct,Estimated from text
2026-01-09T07:13:31.817775,6680,S,1849,1796,3645,Qwen3-Next-80B-A3B-Instruct,Estimated from text
2026-01-09T07:13:35.968823,6680,A,5674,775,6449,Qwen3-Next-80B-A3B-Instruct,Estimated from text
2026-01-09T07:13:38.985100,6680,B,3403,561,3964,Qwen3-Next-80B-A3B-Instruct,Estimated from text
2026-01-09T07:13:47.942160,6681,S,1849,1583,3432,Qwen3-Next-80B-A3B-Instruct,Estimated from text
2026-01-09T07:13:52.074618,6681,A,5460,795,6255,Qwen3-Next-80B-A3B-Instruct,Estimated from text
2026-01-09T07:13:55.189814,6681,B,3423,552,3975,Qwen3-Next-80B-A3B-Instruct,Estimated from text
2026-01-09T07:14:04.766821,6682,S,1849,1800,3649,Qwen3-Next-80B-A3B-Instruct,Estimated from text
2026-01-09T07:14:08.590159,6682,A,5680,763,6443,Qwen3-Next-80B-A3B-Instruct,Estimated from text
2026-01-09T07:14:11.908621,6682,B,3391,603,3994,Qwen3-Next-80B-A3B-Instruct,Estimated from text
2026-01-09T07:14:21.992042,6683,S,1849,1930,3779,Qwen3-Next-80B-A3B-Instruct,Estimated from text
2026-01-09T07:14:26.417299,6683,A,5811,916,6727,Qwen3-Next-80B-A3B-Instruct,Estimated from text
2026-01-09T07:14:29.347578,6683,B,3543,537,4080,Qwen3-Next-80B-A3B-Instruct,Estimated from text
2026-01-09T07:14:38.626515,6684,S,1849,1765,3614,Qwen3-Next-80B-A3B-Instruct,Estimated from text
2026-01-09T07:14:42.947512,6684,A,5642,776,6418,Qwen3-Next-80B-A3B-Instruct,Estimated from text
2026-01-09T07:14:46.073742,6684,B,3403,574,3977,Qwen3-Next-80B-A3B-Instruct,Estimated from text
2026-01-09T07:14:55.747895,6685,S,1849,1814,3663,Qwen3-Next-80B-A3B-Instruct,Estimated from text
2026-01-09T07:15:00.469134,6685,A,5693,995,6688,Qwen3-Next-80B-A3B-Instruct,Estimated from text
2026-01-09T07:15:03.586275,6685,B,3622,530,4152,Qwen3-Next-80B-A3B-Instruct,Estimated from text
2026-01-09T07:15:11.952575,6686,S,1849,1608,3457,Qwen3-Next-80B-A3B-Instruct,Estimated from text
2026-01-09T07:15:16.070211,6686,A,5484,839,6323,Qwen3-Next-80B-A3B-Instruct,Estimated from text
2026-01-09T07:15:19.187807,6686,B,3466,625,4091,Qwen3-Next-80B-A3B-Instruct,Estimated from text
2026-01-09T07:15:27.454154,6687,S,1849,1479,3328,Qwen3-Next-80B-A3B-Instruct,Estimated from text
2026-01-09T07:15:31.775561,6687,A,5355,800,6155,Qwen3-Next-80B-A3B-Instruct,Estimated from text
2026-01-09T07:15:35.292974,6687,B,3427,599,4026,Qwen3-Next-80B-A3B-Instruct,Estimated from text
2026-01-09T07:15:45.367527,6688,S,1849,1769,3618,Qwen3-Next-80B-A3B-Instruct,Estimated from text
2026-01-09T07:15:49.791674,6688,A,5649,751,6400,Qwen3-Next-80B-A3B-Instruct,Estimated from text
2026-01-09T07:15:52.712114,6688,B,3378,507,3885,Qwen3-Next-80B-A3B-Instruct,Estimated from text
2026-01-09T07:16:02.923335,6690,S,1849,1925,3774,Qwen3-Next-80B-A3B-Instruct,Estimated from text
2026-01-09T07:16:06.744713,6690,A,5808,756,6564,Qwen3-Next-80B-A3B-Instruct,Estimated from text
2026-01-09T07:16:09.659174,6690,B,3388,531,3919,Qwen3-Next-80B-A3B-Instruct,Estimated from text
2026-01-09T07:16:22.273422,6691,S,1849,2301,4150,Qwen3-Next-80B-A3B-Instruct,Estimated from text
2026-01-09T07:16:25.892026,6691,A,6193,670,6863,Qwen3-Next-80B-A3B-Instruct,Estimated from text
2026-01-09T07:16:28.612290,6691,B,3303,539,3842,Qwen3-Next-80B-A3B-Instruct,Estimated from text
2026-01-09T07:16:40.723163,6692,S,1849,2110,3959,Qwen3-Next-80B-A3B-Instruct,Estimated from text
2026-01-09T07:16:45.555735,6692,A,6000,864,6864,Qwen3-Next-80B-A3B-Instruct,Estimated from text
2026-01-09T07:17:33.014397,6693,S,1849,2046,3895,Qwen3-Next-80B-A3B-Instruct,Estimated from text
2026-01-09T07:17:37.637416,6693,A,5932,885,6817,Qwen3-Next-80B-A3B-Instruct,Estimated from text
2026-01-09T07:17:40.853535,6693,B,3517,622,4139,Qwen3-Next-80B-A3B-Instruct,Estimated from text
2026-01-09T07:17:51.333810,6694,S,1849,1935,3784,Qwen3-Next-80B-A3B-Instruct,Estimated from text
2026-01-09T07:17:54.951833,6694,A,5821,630,6451,Qwen3-Next-80B-A3B-Instruct,Estimated from text
2026-01-09T07:17:58.572232,6694,B,3262,609,3871,Qwen3-Next-80B-A3B-Instruct,Estimated from text
2026-01-09T07:18:09.067531,6695,S,1849,2063,3912,Qwen3-Next-80B-A3B-Instruct,Estimated from text
2026-01-09T07:18:13.894595,6695,A,5943,998,6941,Qwen3-Next-80B-A3B-Instruct,Estimated from text
2026-01-09T07:18:17.310817,6695,B,3622,672,4294,Qwen3-Next-80B-A3B-Instruct,Estimated from text
2026-01-09T07:18:30.511453,6696,S,1849,2361,4210,Qwen3-Next-80B-A3B-Instruct,Estimated from text
2026-01-09T07:18:35.540439,6696,A,6243,893,7136,Qwen3-Next-80B-A3B-Instruct,Estimated from text
2026-01-09T07:18:38.456463,6696,B,3517,427,3944,Qwen3-Next-80B-A3B-Instruct,Estimated from text
2026-01-09T07:18:49.249453,6697,S,1849,1944,3793,Qwen3-Next-80B-A3B-Instruct,Estimated from text
2026-01-09T07:18:53.570173,6697,A,5819,759,6578,Qwen3-Next-80B-A3B-Instruct,Estimated from text
2026-01-09T07:18:56.589320,6697,B,3384,465,3849,Qwen3-Next-80B-A3B-Instruct,Estimated from text
2026-01-09T07:19:05.859158,6698,S,1849,1818,3667,Qwen3-Next-80B-A3B-Instruct,Estimated from text
2026-01-09T07:19:12.893477,6698,A,5693,1209,6902,Qwen3-Next-80B-A3B-Instruct,Estimated from text
2026-01-09T07:19:15.605794,6698,B,3833,411,4244,Qwen3-Next-80B-A3B-Instruct,Estimated from text
2026-01-09T07:19:24.783449,6699,S,1849,1896,3745,Qwen3-Next-80B-A3B-Instruct,Estimated from text
2026-01-09T07:19:29.000786,6699,A,5776,769,6545,Qwen3-Next-80B-A3B-Instruct,Estimated from text
2026-01-09T07:19:32.017814,6699,B,3396,530,3926,Qwen3-Next-80B-A3B-Instruct,Estimated from text
2026-01-09T07:19:45.103898,6700,S,1849,2580,4429,Qwen3-Next-80B-A3B-Instruct,Estimated from text
2026-01-09T07:19:49.826385,6700,A,6468,836,7304,Qwen3-Next-80B-A3B-Instruct,Estimated from text
2026-01-09T07:19:52.242292,6700,B,3463,367,3830,Qwen3-Next-80B-A3B-Instruct,Estimated from text
2026-01-09T07:20:02.109303,6701,S,1849,1725,3574,Qwen3-Next-80B-A3B-Instruct,Estimated from text
2026-01-09T07:20:06.036295,6701,A,5604,728,6332,Qwen3-Next-80B-A3B-Instruct,Estimated from text
2026-01-09T07:20:10.256383,6701,B,3355,592,3947,Qwen3-Next-80B-A3B-Instruct,Estimated from text
2026-01-09T07:20:21.947503,6702,S,1849,2047,3896,Qwen3-Next-80B-A3B-Instruct,Estimated from text
2026-01-09T07:20:26.580952,6702,A,5930,816,6746,Qwen3-Next-80B-A3B-Instruct,Estimated from text
2026-01-09T07:20:29.799351,6702,B,3443,510,3953,Qwen3-Next-80B-A3B-Instruct,Estimated from text
2026-01-09T07:20:42.097550,6703,S,1849,2407,4256,Qwen3-Next-80B-A3B-Instruct,Estimated from text
2026-01-09T07:20:48.939486,6703,A,6295,1350,7645,Qwen3-Next-80B-A3B-Instruct,Estimated from text
2026-01-09T07:20:51.656522,6703,B,3977,375,4352,Qwen3-Next-80B-A3B-Instruct,Estimated from text
2026-01-09T07:21:01.425839,6704,S,1849,2043,3892,Qwen3-Next-80B-A3B-Instruct,Estimated from text
2026-01-09T07:21:06.152012,6704,A,5921,867,6788,Qwen3-Next-80B-A3B-Instruct,Estimated from text
2026-01-09T07:21:09.066272,6704,B,3494,477,3971,Qwen3-Next-80B-A3B-Instruct,Estimated from text
2026-01-09T07:21:18.437485,6705,S,1849,1917,3766,Qwen3-Next-80B-A3B-Instruct,Estimated from text
2026-01-09T07:21:23.461425,6705,A,5793,929,6722,Qwen3-Next-80B-A3B-Instruct,Estimated from text
2026-01-09T07:21:26.777642,6705,B,3556,524,4080,Qwen3-Next-80B-A3B-Instruct,Estimated from text
2026-01-09T07:21:37.254145,6706,S,1849,2115,3964,Qwen3-Next-80B-A3B-Instruct,Estimated from text
2026-01-09T07:21:43.884210,6706,A,5995,1348,7343,Qwen3-Next-80B-A3B-Instruct,Estimated from text
2026-01-09T07:21:47.098274,6706,B,3975,482,4457,Qwen3-Next-80B-A3B-Instruct,Estimated from text
2026-01-09T07:22:01.898707,6707,S,1849,2583,4432,Qwen3-Next-80B-A3B-Instruct,Estimated from text
2026-01-09T07:22:06.119808,6707,A,6463,814,7277,Qwen3-Next-80B-A3B-Instruct,Estimated from text
2026-01-09T07:22:09.234463,6707,B,3437,582,4019,Qwen3-Next-80B-A3B-Instruct,Estimated from text
